CIC_OEM_VERS 	= 2.0
CREATION_DATE  	= 2023-06-06T17:32:35Z
ORIGINATOR     	= e.NOVA

META_START

OBJECT_NAME 	= ['OPS', '3367', 'B']
OBJECT_ID 	= ['OPS', '3367', 'B']

CENTER_NAME 	= EARTH
REF_FRAME   	= EME2000
TIME_SYSTEM 	= UTC

META_STOP

59945 36000.0	4755.5899961391615 5389.577469740122 89.32599630472025 0.9410693477328144 -0.7082571354434829 -7.346749618361494
59945 36010.0	4764.752513926506 5382.199941053505 15.702459603351414 0.8898799732296814 -0.7661751060273085 -7.3473143557464
59945 36020.0	4773.401610213217 5374.2424526708555 -57.922797207127495 0.8385949570787211 -0.8240107169422025 -7.347087336442291
59945 36030.0	4781.536352216169 5365.705862543248 -131.54181447378397 0.787219816538429 -0.8817577461998007 -7.346068584873522
59945 36040.0	4789.155863026739 5356.591091525706 -205.14663324012497 0.7357600785239116 -0.939409981334002 -7.344258210644732
59945 36050.0	4796.259321702973 5346.899123280013 -278.7292960867333 0.6842212790348154 -0.9969612200439639 -7.341656408529318
59945 36060.0	4802.84596336243 5336.631004162743 -352.28184803629574 0.6326089625371797 -1.0544052708866205 -7.338263458447517
59945 36070.0	4808.915079262325 5325.787843114534 -425.7963373937911 0.580928681389554 -1.1117359539175038 -7.334079725437252
59945 36080.0	4814.466016877037 5314.370811538765 -499.26481661863545 0.5291859952457348 -1.1689471013557111 -7.329105659615564
59945 36090.0	4819.498179971444 5302.381143167871 -572.6793432284736 0.4773864704340261 -1.2260325582725244 -7.323341796128163
59945 36100.0	4824.011028662908 5289.820133932421 -646.0319806380429 0.42553567938105885 -1.2829861832285132 -7.316788755093869
59945 36110.0	4828.004079481527 5276.689141813033 -719.3147990616404 0.373639199989649 -1.3398018489592032 -7.309447241535193
59945 36120.0	4831.4769054199805 5262.98958669609 -792.5198763505576 0.3217026150614336 -1.3964734430093064 -7.301318045305192
59945 36130.0	4834.429135979534 5248.722950217691 -865.6392988618089 0.2697315116963547 -1.4529948683904301 -7.2924020410031645
59945 36140.0	4836.860457210746 5233.890775594049 -938.6651623578924 0.21773148066885217 -1.5093600442618234 -7.2827001878768405
59945 36150.0	4838.770611745005 5218.49466745728 -1011.5895728413758 0.16570811584918177 -1.5655629065598027 -7.2722135297229
59945 36160.0	4840.15939882211 5202.536291671602 -1084.4046474522702 0.11366701357889464 -1.6215974086747944 -7.260943194770252
59945 36170.0	4841.026674309611 5186.017375155937 -1157.1025153002258 0.061613772091589136 -1.6774575220772223 -7.248890395563075
59945 36180.0	4841.3723507172635 5168.939705693575 -1229.6753183273468 0.009553990910730947 -1.7331372369662057 -7.236056428831062
59945 36190.0	4841.196397204972 5151.305131728752 -1302.1152121950158 -0.042506729770989016 -1.7886305629357628 -7.222442675345659
59945 36200.0	4840.49883958365 5133.115562161791 -1374.4143671434535 -0.09456278969407073 -1.8439315296191257 -7.208050599770849
59945 36210.0	4839.279760310421 5114.372966145809 -1446.5649688179888 -0.14660858911180952 -1.8990341873067758 -7.192881750511695
59945 36220.0	4837.539298477086 5095.079372861056 -1518.5592191570304 -0.19863852941549376 -1.953932607610862 -7.176937759541629
59945 36230.0	4835.277649793103 5075.236871298706 -1590.3893372148084 -0.2506470137138346 -2.0086208840789026 -7.160220342233679
59945 36240.0	4832.495066560999 5054.847610021326 -1662.0475600453683 -0.302628447457867 -2.0630931328533895 -7.142731297169098
59945 36250.0	4829.191857645591 5033.913796924583 -1733.526143552672 -0.3545772390426971 -2.117343493304606 -7.124472505943192
59945 36260.0	4825.368388438725 5012.437699001884 -1804.8173633073825 -0.4064878003862381 -2.1713661286373718 -7.105445932970706
59945 36270.0	4821.025080815035 4990.421642084288 -1875.913515424033 -0.4583545475530718 -2.2251552265428236 -7.085653625266657
59945 36280.0	4816.16241308452 4967.868010592518 -1946.806917373314 -0.5101719013323686 -2.2787049998001496 -7.065097712234599
59945 36290.0	4810.780919935234 4944.779247263351 -2017.489908854279 -0.5619342878607754 -2.332009686922871 -7.043780405429026
59945 36300.0	4804.881192371068 4921.157852878585 -2087.954852632618 -0.6136361392219583 -2.385063552778524 -7.021703998316759
59945 36310.0	4798.463877646124 4897.006385998301 -2158.1941353454786 -0.665271894022826 -2.4378608891823936 -6.998870866039711
59945 36320.0	4791.529679187917 4872.327462667218 -2228.2001683653993 -0.7168359980144178 -2.4903960155349667 -6.9752834651498565
59945 36330.0	4784.07935651971 4847.123756135569 -2297.9653885997823 -0.7683229046667702 -2.542663279410065 -6.950944333355086
59945 36340.0	4776.113725170727 4821.397996552281 -2367.482259348805 -0.8197270757881097 -2.594657057186068 -6.925856089236035
59945 36350.0	4767.633656582642 4795.15297066202 -2436.7432711294305 -0.8710429821205521 -2.646371754650773 -6.90002143196367
59945 36360.0	4758.640078013849 4768.3915215079 -2505.7409424659663 -0.9222651039122808 -2.6978018075805337 -6.8734431410200845
59945 36370.0	4749.133972430366 4741.116548105072 -2574.467820738334 -0.973387931533833 -2.7489416823617003 -6.84612407588827
59945 36380.0	4739.116378399068 4713.331005133881 -2642.9164829603533 -1.0244059660438198 -2.799785876559069 -6.818067175758806
59945 36390.0	4728.588389961235 4685.037902588382 -2711.0795366509224 -1.0753137198251748 -2.850328919552618 -6.789275459189349
59945 36400.0	4717.551156517033 4656.2403054670185 -2778.949620581471 -1.1261057171306628 -2.9005653730814496 -6.759752023804149
59945 36410.0	4706.005882691042 4626.94133342101 -2846.5194056099317 -1.17677649469423 -2.9504898318512396 -6.729500045948659
59945 36420.0	4693.9538281956675 4597.1441604085485 -2913.781595480909 -1.2273206023186156 -3.000096924115744 -6.698522780347463
59945 36430.0	4681.396307694059 4566.852014356397 -2980.7289275926796 -1.277732603439416 -3.049381312233069 -6.666823559767862
59945 36440.0	4668.334690640795 4536.068176775984 -3047.3541738486533 -1.3280070757541425 -3.0983376932833653 -6.63440579463383
59945 36450.0	4654.770401137981 4504.795982426304 -3113.6501413871374 -1.3781386117611567 -3.1469607995960565 -6.601272972686572
59945 36460.0	4640.704917769168 4473.038818931425 -3179.6096733953455 -1.4281218193634433 -3.195245399338324 -6.567428658595543
59945 36470.0	4626.139773432398 4440.800126405085 -3245.22564988966 -1.4779513224485252 -3.243186297077895 -6.53287649357463
59945 36480.0	4611.076555173918 4408.083397084042 -3310.4909884631056 -1.5276217614448644 -3.2907783343211223 -6.497620195005709
59945 36490.0	4595.516903996434 4374.892174912889 -3375.39864511465 -1.5771277939419936 -3.338016390109958 -6.461663556008079
59945 36500.0	4579.462514687391 4341.230055180183 -3439.941614959212 -1.6264640952214653 -3.384895381531041 -6.4250104450610115
59945 36510.0	4562.915135621757 4307.100684106189 -3504.112933019379 -1.6756253588514207 -3.431410264283634 -6.387664805572203
59945 36520.0	4545.876568565218 4272.507758439105 -3567.9056749835718 -1.7246062972572078 -3.477556033222193 -6.349630655453248
59945 36530.0	4528.348668479244 4237.455025061138 -3631.3129579319148 -1.7734016422687056 -3.523327722874824 -6.310912086704158
59945 36540.0	4510.333343297547 4201.946280543368 -3694.3279411409185 -1.8220061457297667 -3.5687204080178567 -6.271513264939501
59945 36550.0	4491.832553726983 4165.985370756174 -3756.9438267718765 -1.870414580019841 -3.6137292041655504 -6.231438428973846
59945 36560.0	4472.848313019941 4129.576190428466 -3819.1538606379336 -1.9186217386376674 -3.6583492681158223 -6.190691890348915
59945 36570.0	4453.382686749983 4092.7226827199365 -3880.9513329326915 -1.9666224367569345 -3.702575798467368 -6.149278032873086
59945 36580.0	4433.437792580221 4055.428838784903 -3942.329578959363 -2.01441151178396 -3.7464040361363518 -6.107201312149735
59945 36590.0	4413.015800025974 4017.698697330949 -4003.2819798546757 -2.061983823912915 -3.789829264868479 -6.064466255097889
59945 36600.0	4392.11893021168 3979.5363441723644 -4063.8019633076183 -2.1093342566786424 -3.832846811746542 -6.021077459465161
59945 36610.0	4370.749455622164 3940.9459117784418 -4123.883004272763 -2.1564577175069175 -3.875452047693227 -5.977039593333126
59945 36620.0	4348.909699848228 3901.931578816701 -4183.518625678283 -2.203349138262179 -3.9176403879692794 -5.932357394615059
59945 36630.0	4326.602037326651 3862.4975696910833 -4242.702399128395 -2.250003475792597 -3.959407292666853 -5.887035670546216
59945 36640.0	4303.828893074599 3822.6481540751624 -4301.427945600279 -2.296415712472458 -4.000748267198037 -5.841079297166644
59945 36650.0	4280.592742418472 3782.387646440442 -4359.688936135386 -2.342580856741835 -4.041658862778559 -5.79449321879655
59945 36660.0	4256.896110719343 3741.720405583424 -4417.479092519887 -2.388493943639345 -4.08213467690296 -5.74728244750857
59945 36670.0	4232.741573080331 3700.650834126246 -4474.792187989739 -2.4341500353562777 -4.122171353836044 -5.699452062567644
59945 36680.0	4208.131754079985 3659.1833780664833 -4531.622047854062 -2.4795442217274233 -4.161764585046288 -5.651007209926273
59945 36690.0	4183.069327458288 3617.3225262504698 -4587.962550213595 -2.5246716207993307 -4.200910109704832 -5.601953101629162
59945 36700.0	4157.557015828802 3575.0728098957993 -4643.807626597363 -2.5695273793352578 -4.239603715126324 -5.552295015273352
59945 36710.0	4131.597590375103 3532.43880209148 -4699.151262618789 -2.6141066733372416 -4.277841237222509 -5.502038293440636
59945 36720.0	4105.193870530317 3489.4251172746754 -4753.987498649473 -2.6584047085843405 -4.31561856096697 -5.451188343100662
59945 36730.0	4078.3487236857654 3446.036410759237 -4808.310430414411 -2.7024167211093135 -4.352931620804709 -5.399750635073474
59945 36740.0	4051.0650648485102 3402.277378184821 -4862.1142096774165 -2.746137977749889 -4.389776401122967 -5.347730703396628
59945 36750.0	4023.3458563281283 3358.152755017978 -4915.393044847749 -2.789563776638282 -4.426148936666724 -5.295134144751978
59945 36760.0	3995.1941074070587 3313.667316030307 -4968.141201604718 -2.832689447707013 -4.4620453129656585 -5.241966617863756
59945 36770.0	3966.612873993219 3268.825874752739 -5020.353003538495 -2.875510353209939 -4.49746166677105 -5.188233842866378
59945 36780.0	3937.6052583048413 3223.6332829843554 -5072.022832715398 -2.9180218881833317 -4.5323941864403094 -5.133941600735858
59945 36790.0	3908.1744085005857 3178.094430218819 -5123.1451303284975 -2.960219480978779 -4.566839112378431 -5.079095732621012
59945 36800.0	3878.3235183419242 3132.2142431255243 -5173.714397272556 -3.0020985937359734 -4.600792737427021 -5.023702139238439
59945 36810.0	3848.055826838367 3085.997685007365 -5223.725194735417 -3.0436547228708433 -4.634251407263488 -4.967766780237921
59945 36820.0	3817.3746178742604 3039.4497552341127 -5273.172144804102 -3.0848833995780014 -4.667211520808881 -4.911295673536622
59945 36830.0	3786.283219870755 2992.5754887329617 -5322.049930998668 -3.125780190275028 -4.699669530586389 -4.8542948947208835
59945 36840.0	3754.785005389594 2945.3799553939994 -5370.35329888624 -3.166340697115514 -4.73162194313224 -4.796770576343324
59945 36850.0	3722.883390774972 2897.8682595371124 -5418.077056618541 -3.2065605584403505 -4.763065319354432 -4.738728907292771
59945 36860.0	3690.5818357606518 2850.0455393300354 -5465.216075509269 -3.246435449264436 -4.793996274916759 -4.680176132103122
59945 36870.0	3657.8838431001573 2801.9169662442982 -5511.765290562338 -3.2859610817240856 -4.824411480589215 -4.621118550306801
59945 36880.0	3624.7929581788494 2753.4877444872427 -5557.719701014371 -3.3251332055383815 -4.854307662606738 -4.5615625157575215
59945 36890.0	3591.31276860656 2704.76311040908 -5603.074370889827 -3.3639476084834987 -4.883681603034854 -4.501514435920615
59945 36900.0	3557.446903834628 2655.7483319489747 -5647.8244295082 -3.402400116828394 -4.912530140102807 -4.440980771209712
59945 36910.0	3523.1990347392207 2606.4487080352183 -5691.965072023871 -3.4404865958005404 -4.940850168556626 -4.379968034265258
59945 36920.0	3488.57287322973 2556.8695680250016 -5735.491559919092 -3.4782029500136002 -4.968638639980656 -4.318482789280235
59945 36930.0	3453.5721718383884 2507.0162711198645 -5778.399221509744 -3.515545123908116 -4.995892563126129 -4.256531651294398
59945 36940.0	3418.2007232899255 2456.894205755966 -5820.683452462008 -3.5525091022040662 -5.022609004245223 -4.194121285455492
59945 36950.0	3382.4623600974446 2406.5087890349528 -5862.339716263559 -3.589090910316133 -5.048785087394814 -4.131258406329236
59945 36960.0	3346.360954123241 2355.8654661079804 -5903.363544724512 -3.625286614797242 -5.0744179947576455 -4.067949777149443
59945 36970.0	3309.9004161665957 2304.969709600987 -5943.750538433824 -3.6610923237453328 -5.099504966934069 -4.004202209117882
59945 36980.0	3273.084695532134 2253.8270190152484 -5983.496367227012 -3.696504187222197 -5.124043303239584 -3.940022560671831
59945 36990.0	3235.9177795777514 2202.442920102617 -6022.59677066307 -3.731518397683055 -5.148030362006436 -3.8754177367181613
59945 37000.0	3198.4036932906197 2150.822964282832 -6061.04755845843 -3.7661311903703196 -5.17146356085714 -3.8103946879185235
59945 37010.0	3160.5464988267336 2098.9727280132065 -6098.844610947664 -3.8003388437336603 -5.194340376992889 -3.7449604099130887
59945 37020.0	3122.3502950793522 2046.897812200993 -6135.983879502239 -3.8341376798148796 -5.216658347454744 -3.6791219425963657
59945 37030.0	3083.819217227395 1994.6038415908254 -6172.461386958931 -3.8675240646437192 -5.238415069389313 -3.612886369360117
59945 37040.0	3044.957436266395 1942.0964641313553 -6208.273228052672 -3.900494408640414 -5.2596082003152675 -3.5462608163082243
59945 37050.0	3005.769158548722 1889.3813503575368 -6243.41556982779 -3.933045167001311 -5.280235458375063 -3.4792524514896166
59945 37060.0	2966.258625337545 1836.4641927940095 -6277.8846520261495 -3.9651728400655712 -5.300294622571448 -3.4118684841564253
59945 37070.0	2926.4301123228643 1783.350705310058 -6311.6767874983425 -3.9968739737058336 -5.3197835330157925 -3.344116163959026
59945 37080.0	2886.287929168464 1730.0466225188075 -6344.7883625761715 -4.0281451596855735 -5.338700091151974 -3.27600278019571
59945 37090.0	2845.8364190205266 1676.5576991278717 -6377.215837466883 -4.058983036039512 -5.357042259991022 -3.207535660998832
59945 37100.0	2805.079958029852 1622.8897093110777 -6408.955746623618 -4.0893842874347 -5.374808064329963 -3.1387221725460672
59945 37110.0	2764.022954888722 1569.0484461019519 -6440.004699094106 -4.11934564551351 -5.391995590956602 -3.0695697182980077
59945 37120.0	2722.6698503287607 1515.0397207383814 -6470.359378889251 -4.148863889258432 -5.408602988863497 -3.000085738171536
59945 37130.0	2681.0251166513635 1460.8693620526592 -6500.016545315773 -4.1779358453253055 -5.424628469439867 -2.930277707769812
59945 37140.0	2639.0932572186757 1406.5432158124859 -6528.973033327501 -4.206558388397544 -5.44007030667165 -2.860153137547551
59945 37150.0	2596.878805959203 1352.06714408394 -6557.225753854127 -4.2347284415216695 -5.454926837326885 -2.789719572002756
59945 37160.0	2554.386326888953 1297.4470246168225 -6584.771694109638 -4.262442976425678 -5.469196461128221 -2.7189845888958235
59945 37170.0	2511.6204135925705 1242.6887501808228 -6611.607917917379 -4.2896990138570255 -5.48287764093193 -2.6479557984034465
59945 37180.0	2468.5856887385853 1187.798227948161 -6637.731566002146 -4.316493623890809 -5.495968902887364 -2.5766408423309684
59945 37190.0	2425.2868035542674 1132.7813788268493 -6663.139856297633 -4.342823926256812 -5.5084688366018675 -2.505047393259099
59945 37200.0	2381.7284373160514 1077.644136816641 -6687.830084232787 -4.3686870906487 -5.520376095292183 -2.433183153718241
59945 37210.0	2337.915296856312 1022.392448387989 -6711.7996229992405 -4.3940803370168 -5.531689395924242 -2.3610558553911973
59945 37220.0	2293.8521160293153 967.0322718116405 -6735.04592383212 -4.419000935878384 -5.542407519356743 -2.2886732582499487
59945 37230.0	2249.543655212652 911.5695765355173 -6757.566516260914 -4.443446208600045 -5.552529310467705 -2.2160431497523994
59945 37240.0	2204.9947007675173 856.0103425122027 -6779.3590083724075 -4.467413527696601 -5.562053678283787 -2.1431733439729195
59945 37250.0	2160.210064515353 800.3605595496084 -6800.421087053982 -4.490900317113134 -5.570979596097359 -2.0700716807613904
59945 37260.0	2115.194583231755 744.6262266853332 -6820.7505182194645 -4.5139040524914575 -5.5793061015731285 -1.9967460249317577
59945 37270.0	2069.953118098695 688.8133515115168 -6840.345147045074 -4.536422261451805 -5.5870322968559485 -1.9232042653839005
59945 37280.0	2024.4905541976284 632.9279495526689 -6859.202898176913 -4.558452523846716 -5.594157348663499 -1.8494543142935105
59945 37290.0	1978.811799936704 576.9760435646555 -6877.321775956921 -4.579992472040632 -5.600680488382688 -1.7755041061963177
59945 37300.0	1932.921786555125 520.9636629309977 -6894.6998646064 -4.601039791144842 -5.606601012146044 -1.7013615971989584
59945 37310.0	1886.825467565648 464.8968429853205 -6911.335328426033 -4.621592219276021 -5.6119182809109205 -1.6270347640907583
59945 37320.0	1840.5278182146162 408.7816243578171 -6927.226411978403 -4.641647547799091 -5.616631720528216 -1.5525316034854217
59945 37330.0	1794.0338349603032 352.6240523460509 -6942.371440255214 -4.661203621555886 -5.620740821802429 -1.4778601309934123
59945 37340.0	1747.3485348881272 296.4301762116444 -6956.768818856141 -4.680258339114124 -5.624245140550528 -1.403028380294156
59945 37350.0	1700.4769552052212 240.20604857527337 -6970.41703413165 -4.6988096529758305 -5.627144297646115 -1.3280444023371312
59945 37360.0	1653.4241526720216 183.9577247377025 -6983.314653337389 -4.716855569806053 -5.629437979062367 -1.25291626444301
59945 37370.0	1606.1952030521707 127.69126202534449 -6995.460324772641 -4.734394150646827 -5.631125935905772 -1.1776520494355989
59945 37380.0	1558.795200581477 71.41271916063806 -7006.852777905061 -4.751423511117894 -5.632207984442556 -1.1022598548053337
59945 37390.0	1511.229257372769 15.12815555837983 -7017.490823502107 -4.767941821634375 -5.632684006119868 -1.0267477917719525
59945 37400.0	1463.5025029021058 -41.15636927894627 -7027.3733537329135 -4.783947307588143 -5.63255394757756 -0.9511239844779587
59945 37410.0	1415.6200834310143 -97.43479643969863 -7036.499342276823 -4.799438249546054 -5.631817820654781 -0.8753965690814831
59945 37420.0	1367.5871614478806 -153.7010682565466 -7044.867844417543 -4.8144129834344485 -5.630475702388648 -0.7995736928809426
59945 37430.0	1319.4089151289086 -209.94912893494813 -7052.477997125287 -4.828869900711458 -5.62852773500692 -0.7236635134717092
59945 37440.0	1271.0905377343759 -266.17292525510584 -7059.329019140522 -4.842807448552685 -5.6259741259114975 -0.6476741978019555
59945 37450.0	1222.6372370878457 -322.366407174741 -7065.420211034852 -4.856224130005092 -5.622815147657775 -0.5716139213605355
59945 37460.0	1174.0542349907257 -378.5235285053018 -7070.750955273548 -4.869118504154243 -5.619051137924823 -0.4954908672641004
59945 37470.0	1125.3467666609079 -434.638247557821 -7075.320716264972 -4.881489186277742 -5.614682499479464 -0.4193132253834028
59945 37480.0	1076.5200801659146 -490.7045277930515 -7079.129040401875 -4.893334847993961 -5.609709700133158 -0.34308919146211964
59945 37490.0	1027.579435854942 -546.7163384707006 -7082.175556093779 -4.904654217404671 -5.604133272691901 -0.26682696623514657
59945 37500.0	978.5301057897582 -602.6676552978558 -7084.459973790542 -4.915446079231608 -5.597953814899166 -0.1905347545462574
59945 37510.0	929.3773731746036 -658.5524610764097 -7085.982085997033 -4.925709274946953 -5.591171989371814 -0.11422076446538762
59945 37520.0	880.1265317851237 -714.3647463494625 -7086.7417672789725 -4.935442702897712 -5.5837885235290345 -0.03789320640556956
59945 37530.0	830.7828853963509 -770.0985100466794 -7086.738974259908 -4.9446453184239365 -5.5758042095143505 0.03843970776045529
59945 37540.0	781.3517472099236 -825.7477601284004 -7085.9737456093735 -4.953316133970875 -5.567219904110617 0.11476976558365085
59945 37550.0	731.8384392804139 -881.3065142286398 -7084.446202022195 -4.9614542191949464 -5.558036528648074 0.19108875492233282
59945 37560.0	682.2482919454011 -936.7688002918019 -7082.156546189226 -4.969058701062895 -5.548255068906372 0.26738846481892303
59945 37570.0	632.5866432286832 -992.128657237291 -7079.105062757856 -4.976128763948699 -5.537876575004308 0.3436606864168475
59945 37580.0	582.8588383082501 -1047.3801355497162 -7075.292118287236 -4.982663649714574 -5.526902161295956 0.4198972137767635
59945 37590.0	533.0702288966108 -1102.5172979648598 -7070.718161190036 -4.988662657798746 -5.515333006242159 0.4960898448263619
59945 37600.0	483.2261726860191 -1157.5342200810908 -7065.383721668938 -4.994125145287317 -5.5031703522884 0.5722303822092827
59945 37610.0	433.3320327714562 -1212.4249909936009 -7059.28941164352 -4.999050526983388 -5.490415505731662 0.6483106341671512
59945 37620.0	383.3931770514358 -1267.183713950842 -7052.435924665241 -5.003438275471821 -5.47706983657437 0.7243224154542023
59945 37630.0	333.41497769416793 -1321.8045069370944 -7044.824035832201 -5.007287921171611 -5.463134778388711 0.8002575481512152
59945 37640.0	283.4028105159207 -1376.2815033493957 -7036.454601683829 -5.0105990523902255 -5.448611828151187 0.876107862612079
59945 37650.0	233.36205442494224 -1430.6088526003891 -7027.328560095419 -5.013371315365593 -5.433502546087536 0.9518651983093502
59945 37660.0	183.29809084334443 -1484.7807207433725 -7017.446930161424 -5.015604414304143 -5.4178085555053475 1.027521404712313
59945 37670.0	133.2163031070636 -1538.791291118903 -7006.8108120653405 -5.017298111413203 -5.401531542612686 1.1030683421969634
59945 37680.0	83.12207593163271 -1592.6347649282193 -6995.421386954383 -5.018452226924615 -5.384673256350909 1.178497882855489
59945 37690.0	33.02079479027475 -1646.3053618993197 -6983.279916787585 -5.019066639115537 -5.367235508192732 1.2538019114369952
59945 37700.0	-17.08215464198304 -1699.797320879672 -6970.3877441888 -5.0191412843203915 -5.349220171954618 1.3289723261874387
59945 37710.0	-67.18138706599086 -1753.1049004504657 -6956.7462922869445 -5.018676156937717 -5.330629183595645 1.404001039721376
59945 37720.0	-117.27151815778029 -1806.2223795616983 -6942.357064541246 -5.017671309430181 -5.311464541001189 1.4788799799248726
59945 37730.0	-167.34716510170267 -1859.1440580949286 -6927.221644576376 -5.0161268523193 -5.291728303784806 1.5536010907582887
59945 37740.0	-217.4029472109736 -1911.8642575167964 -6911.341695984534 -5.014042954172673 -5.271422593050304 1.6281563331886766
59945 37750.0	-267.4334864775459 -1964.3773214554894 -6894.718962138969 -5.011419841586156 -5.2505495911739155 1.7025376860153618
59945 37760.0	-317.43340816966065 -2016.677616325508 -6877.355265984309 -5.008257799158179 -5.2291115415607505 1.7767371467654884
59945 37770.0	-367.3973413850547 -2068.7595319037323 -6859.252509832714 -5.004557169459919 -5.207110748412668 1.8507467325224172
59945 37780.0	-417.3199196254118 -2120.61748192594 -6840.412675145182 -5.000318352998659 -5.184549576481128 1.924558480784701
59945 37790.0	-467.1957813920001 -2172.245904703147 -6820.837822295754 -4.9955418081727005 -5.161430450803257 1.9981644503551452
59945 37800.0	-517.0195707368024 -2223.6392636895835 -6800.5300903435655 -4.9902280512235215 -5.137755856450948 2.071556722162824
59945 37810.0	-566.7859378565174 -2274.792048093039 -6779.4916967797935 -4.984377656177802 -5.1135283382534675 2.1447274001472416
59945 37820.0	-616.4895396420051 -2325.6987734371473 -6757.724937283826 -4.977991254787601 -5.0887505005342035 2.217668612075656
59945 37830.0	-666.1250402486935 -2376.353982143395 -6735.232185463077 -4.971069536462618 -5.063425006831163 2.2903725103902057
59945 37840.0	-715.6871116877228 -2426.75224413213 -6712.01589257429 -4.963613248192852 -5.037554579599688 2.3628312730841707
59945 37850.0	-765.170434372449 -2476.888157375851 -6688.078587256085 -4.955623194470907 -5.011141999930782 2.4350371045115486
59945 37860.0	-814.5696977073661 -2526.7563484936354 -6663.422875233317 -4.947100237201823 -4.98419010724065 2.506982236257519
59945 37870.0	-863.8796006323804 -2576.351473298214 -6638.051439034068 -4.938045295613451 -4.956701798976956 2.578658927942495
59945 37880.0	-913.0948521876489 -2625.6682173619715 -6611.967037688846 -4.92845934615781 -4.928680030307792 2.6500594680551015
59945 37890.0	-962.2101720987023 -2674.7012966010834 -6585.172506409866 -4.918343422401707 -4.900127813791793 2.721176174813244
59945 37900.0	-1011.2202913169257 -2723.445457812785 -6557.670756284936 -4.907698614919348 -4.871048219066465 2.7920013969591646
59945 37910.0	-1060.1199526018431 -2771.8954792523286 -6529.464773940206 -4.8965260711702605 -4.841444372505506 2.862527514613776
59945 37920.0	-1108.90391105882 -2820.0461711634575 -6500.557621218848 -4.884826995380136 -4.811319456895337 2.932746940065299
59945 37930.0	-1157.5669346969185 -2867.8923763270595 -6470.95243484059 -4.872602648411481 -4.780676711093381 3.0026521185859143
59945 37940.0	-1206.10380500216 -2915.4289706227273 -6440.652426042663 -4.859854347623644 -4.749519429669251 3.0722355292691654
59945 37950.0	-1254.5093174919211 -2962.650863569467 -6409.660880222555 -4.846583466730402 -4.717850962550089 3.1414896858388155
59945 37960.0	-1302.7782822465176 -3009.5529988421886 -6377.981156587029 -4.8327914356576045 -4.685674714674184 3.2104071374238807
59945 37970.0	-1350.905524481505 -3056.130354825843 -6345.616687766646 -4.818479740383423 -4.652994145611083 3.2789804693906435
59945 37980.0	-1398.8858850758281 -3102.3779451244955 -6312.570979450074 -4.803649922784416 -4.619812769203851 3.3472023041102497
59945 37990.0	-1446.7142211403348 -3148.290819107438 -6278.847609982768 -4.788303580463222 -4.586134153177049 3.415065301782588
59945 38000.0	-1494.3854065631594 -3193.8640624305585 -6244.450229971506 -4.772442366576032 -4.551961918752662 3.482562161225668
59945 38010.0	-1541.8943325322552 -3239.092797533878 -6209.382561897002 -4.756067989661333 -4.517299740275643 3.549685620631412
59945 38020.0	-1589.2359080978347 -3283.9721841751857 -6173.648399689169 -4.739182213449035 -4.482151344803931 3.6164284583766535
59945 38030.0	-1636.405060690959 -3328.4974199197104 -6137.251608325432 -4.72178685667776 -4.446520511723025 3.68278349377073
59945 38040.0	-1683.3967366815828 -3372.6637406650893 -6100.196123390686 -4.70388379289171 -4.410411072324291 3.748743587857347
59945 38050.0	-1730.205901913494 -3416.466421142138 -6062.485950644803 -4.6854749502383815 -4.373826909392548 3.8143016441823647
59945 38060.0	-1776.8275422165334 -3459.9007753922688 -6024.125165599958 -4.666562311268895 -4.33677195680453 3.87945060952839
59945 38070.0	-1823.2566639577035 -3502.962157279244 -5985.117913057886 -4.6471479127165205 -4.299250199089922 3.944183474702486
59945 38080.0	-1869.4882945489037 -3545.6459609582394 -5945.468406673397 -4.6272338452857324 -4.26126567101927 4.008493275261764
59945 38090.0	-1915.5174829931343 -3587.947621378491 -5905.180928476816 -4.606822253418671 -4.222822457153737 4.072373092291182
59945 38100.0	-1961.3393004075713 -3629.8626147621076 -5864.259828405814 -4.585915335063783 -4.183924691405515 4.135816053147516
59945 38110.0	-2006.9488405242598 -3671.3864590603084 -5822.70952384858 -4.56451534144819 -4.14457655661022 4.198815332170896
59945 38120.0	-2052.3412202284635 -3712.5147144419757 -5780.534499144462 -4.5426245768262445 -4.104782284060144 4.2613641514470455
59945 38130.0	-2097.5115800503477 -3753.242983737506 -5737.739305117669 -4.520245398242869 -4.064546153070173 4.32345578150355
59945 38140.0	-2142.4550847176815 -3793.566912935571 -5694.3285585447 -4.49738021526037 -4.023872490482478 4.385083542088534
59945 38150.0	-2187.1669236263233 -3833.4821916033848 -5650.306941689583 -4.474031489718424 -3.9827656702363283 4.446240802834689
59945 38160.0	-2231.64231136755 -3872.984553356122 -5605.679201776428 -4.450201735459272 -3.9412301128801954 4.506920983999981
59945 38170.0	-2275.8764882325845 -3912.0697763033627 -5560.450150473757 -4.425893518056903 -3.8992702850961765 4.567117557175296
59945 38180.0	-2319.864720695058 -3950.73368347393 -5514.624663392388 -4.40110945455157 -3.8568906992381375 4.626824045960565
59945 38190.0	-2363.6023019485237 -3988.97214328694 -5468.207679516926 -4.375852213146518 -3.8140959128094845 4.686034026714109
59945 38200.0	-2407.0845523636535 -4026.781069949773 -5421.20420071062 -4.350124512942276 -3.770890528010053 4.744741129191121
59945 38210.0	-2450.306820000508 -4064.1564239022864 -5373.619291153851 -4.32392912363314 -3.727279191222632 4.802939037255386
59945 38220.0	-2493.2644810981706 -4101.0942122387405 -5325.4580767960215 -4.297268865208812 -3.6832665925131742 4.86062148955853
59945 38230.0	-2535.952940542715 -4137.590489108843 -5276.725744822565 -4.270146607662607 -3.638857465145753 4.917782280188529
59945 38240.0	-2578.3676323882746 -4173.641356161965 -5227.427543052065 -4.242565270658939 -3.5940565850347794 4.974415259387707
59945 38250.0	-2620.504020299828 -4209.242962921939 -5177.568779412037 -4.21452782324256 -3.5488687702701553 5.0305143341640495
59945 38260.0	-2662.3575980490323 -4244.391507204914 -5127.154821345003 -4.186037283507217 -3.5032988805797416 5.08607346897186
59945 38270.0	-2703.923889987914 -4279.083235515825 -5076.191095229341 -4.157096718270522 -3.457351816806508 5.141086686360938
59945 38280.0	-2745.19845150109 -4313.314443424668 -5024.683085816983 -4.127709242756651 -3.411032520401751 5.195548067595622
59945 38290.0	-2786.1768695091537 -4347.081475982875 -4972.6363355976755 -4.097878020235419 -3.364345972853163 5.249451753339594
59945 38300.0	-2826.854762895933 -4380.380728073961 -4920.056444247286 -4.06760626170737 -3.317297195189559 5.302791944238273
59945 38310.0	-2867.227782986756 -4413.208644804163 -4866.9490680028985 -4.036897225545369 -3.269891247420664 5.355562901566733
59945 38320.0	-2907.291614001413 -4445.5617218695925 -4813.319919059075 -4.005754217146417 -3.2221332279969346 5.407758947842339
59945 38330.0	-2947.041973507151 -4477.436505921012 -4759.174764954016 -3.9741805885758956 -3.1740282732612597 5.4593744674355476
59945 38340.0	-2986.4746128680695 -4508.829594923188 -4704.519427950027 -3.9421797382067476 -3.12558155689652 5.510403907174107
59945 38350.0	-3025.585317690839 -4539.737638508751 -4649.35978440852 -3.9097551103537187 -3.0767982893691874 5.560841776940473
59945 38360.0	-3064.369908266743 -4570.157338326619 -4593.701764159455 -3.8769101949026252 -3.0276837173689177 5.610682650262507
59945 38370.0	-3102.8242400099402 -4600.085448384819 -4537.551349865416 -3.8436485269347402 -2.9782431232442685 5.659921164897282
59945 38380.0	-3140.944203891948 -4629.518775387797 -4480.914576380341 -3.8099736863463223 -2.9284818244345914 5.708552023407976
59945 38390.0	-3178.725726872322 -4658.454179068137 -4423.7975301029255 -3.7758892974633045 -2.8784051728981015 5.756569993733849
59945 38400.0	-3216.164772325409 -4686.888572512613 -4366.206348324877 -3.741399028651236 -2.8280185545362944 5.803969909753096
59945 38410.0	-3253.25734046002 -4714.818922480225 -4308.1472185790835 -3.706506591923526 -2.7773273886190903 5.850746671834632
59945 38420.0	-3289.9994687544754 -4742.242249729053 -4249.626377952106 -3.6712157425265843 -2.7263371271797467 5.8968952474070635
59945 38430.0	-3326.3872323392147 -4769.155629301057 -4190.650112468242 -3.635530278566402 -2.6750532544729793 5.942410671459447
59945 38440.0	-3362.416744440014 -4795.5561908496065 -4131.224756366536 -3.599454040569058 -2.623481286340572 5.98728804711615
59945 38450.0	-3398.0841567686257 -4821.441118924927 -4071.356691449513 -3.5629909110827436 -2.5716267696403965 6.031522546143359
59945 38460.0	-3433.3856599256383 -4846.80765326602 -4011.0523464018015 -3.5261448142601126 -2.519495281649934 6.075109409468799
59945 38470.0	-3468.3174838144223 -4871.6530890976055 -3950.3181960773086 -3.4889197154197387 -2.4670924294435013 6.118043947712715
59945 38480.0	-3502.8758980046755 -4895.974777388194 -3889.1607608613213 -3.4513196206518177 -2.414423849335009 6.160321541654461
59945 38490.0	-3537.0572121533655 -4919.770125146274 -3827.5866059219143 -3.4133485763545934 -2.3614952062258903 6.2019376427673985
59945 38500.0	-3570.857776375211 -4943.036595677635 -3765.6023405364285 -3.375010668815121 -2.3083121930187103 6.242887773689309
59945 38510.0	-3604.2739816243743 -4965.771708847957 -3703.2146173872225 -3.3363100237696894 -2.254880530004991 6.283167528704361
59945 38520.0	-3637.302260086294 -4987.973041349125 -3640.430131825359 -3.297250805942772 -2.201205964226428 6.3227725742346585
59945 38530.0	-3669.939085521373 -5009.63822692998 -3577.25562121241 -3.257837218632954 -2.1472942689037398 6.36169864927142
59945 38540.0	-3702.180973662576 -5030.764956660506 -3513.697864148218 -3.218073503226491 -2.0931512427687196 6.399941565868457
59945 38550.0	-3734.0244825648597 -5051.350979160451 -3449.7636797768746 -3.177963938757941 -2.038782709464005 6.437497209575225
59945 38560.0	-3765.4662129648477 -5071.394100831993 -3385.459927061379 -3.1375128414498503 -1.9841945169168167 6.474361539879776
59945 38570.0	-3796.502808649568 -5090.892186094795 -3320.7935040258017 -3.0967245642304544 -1.9293925366859213 6.510530590659492
59945 38580.0	-3827.1309567794833 -5109.843157588969 -3255.7713470784342 -3.055603496300901 -1.874382663378092 6.5460004705757555
59945 38590.0	-3857.347388261793 -5128.24499640663 -3190.4004302179237 -3.014154062627287 -1.8191708139660672 6.580767363524645
59945 38600.0	-3887.1488780753903 -5146.095742289783 -3124.6877643263206 -2.9723807234860162 -1.763762927181002 6.614827529028507
59945 38610.0	-3916.5322456206554 -5163.3934938402335 -3058.6403963955736 -2.930287973965562 -1.7081649628493911 6.648177302653502
59945 38620.0	-3945.494355038227 -5180.136408707464 -2992.265408807964 -2.8878803435010445 -1.652382901276309 6.680813096388734
59945 38630.0	-3974.0321155366164 -5196.322703778768 -2925.569918584463 -2.8451623953870797 -1.596422742602267 6.712731399032922
59945 38640.0	-4002.1424817273023 -5211.950655369935 -2858.5610766002887 -2.8021387262681285 -1.5402905061333754 6.7439287765862845
59945 38650.0	-4029.8224539298667 -5227.0185993953 -2791.2460668552685 -2.7588139656624864 -1.4839922297183135 6.774401872605879
59945 38660.0	-4057.0690784971443 -5241.524931545534 -2723.632105682409 -2.7151927754452307 -1.42753396907426 6.8041474085802065
59945 38670.0	-4083.8794481110813 -5255.468107445722 -2655.726441012091 -2.6712798493655256 -1.3709217971601686 6.83316218426842
59945 38680.0	-4110.250702086364 -5268.846642814458 -2587.536351603881 -2.6270799125417907 -1.3141618035236355 6.86144307804528
59945 38690.0	-4136.180026680425 -5281.659113622127 -2519.0691462452455 -2.5825977209339874 -1.257260093621042 6.888987047249553
59945 38700.0	-4161.664655375225 -5293.904156230985 -2450.332163006878 -2.5378380608511653 -1.2002227881856555 6.9157911284988
59945 38710.0	-4186.701869177008 -5305.580467540402 -2381.3327684352394 -2.4928057484169015 -1.1430560225442705 6.941852438020125
59945 38720.0	-4211.288996888568 -5316.686805114865 -2312.0783568023744 -2.4475056290706383 -1.0857659459822142 6.967168171948511
59945 38730.0	-4235.423415388144 -5327.221987311603 -2242.5763493231857 -2.4019425770465785 -1.0283587210820246 6.991735606629127
59945 38740.0	-4259.102549913618 -5337.1848934061945 -2172.8341933392903 -2.356121494829283 -0.9708405230353803 7.0155520989213045
59945 38750.0	-4282.323874320282 -5346.574463702352 -2102.859361561171 -2.3100473126460965 -0.9132175390040012 7.038615086471969
59945 38760.0	-4305.0849113545 -5355.389699644298 -2032.659351246765 -2.2637249879165444 -0.8554959674288731 7.060922088001582
59945 38770.0	-4327.383232901705 -5363.629663914398 -1962.241683438805 -2.217159504739047 -0.7976820173887064 7.082470703560833
59945 38780.0	-4349.2164602399425 -5371.293480529111 -1891.6139021694516 -2.170355873354896 -0.7397819079321482 7.103258614789494
59945 38790.0	-4370.582264295721 -5378.380334930998 -1820.783573637645 -2.1233191295928147 -0.6818018673884785 7.12328358517342
59945 38800.0	-4391.478365886423 -5384.889474070951 -1749.7582854088723 -2.0760543343269484 -0.6237481326975963 7.142543460284481
59945 38810.0	-4411.902535948682 -5390.820206481573 -1678.545645644 -2.028566572952995 -0.5656269487645129 7.161036168003755
59945 38820.0	-4431.85259578009 -5396.171902350145 -1607.1532822639347 -1.980860954820388 -0.5074445677621614 7.178759718753073
59945 38830.0	-4451.3264172575 -5400.943993579718 -1535.5888421746643 -1.932942612703445 -0.4492072484843518 7.195712205701117
59945 38840.0	-4470.321923067836 -5405.135973848809 -1463.8599904278408 -1.8848167022282243 -0.3909212556469669 7.211891804976533
59945 38850.0	-4488.837086924307 -5408.747398661656 -1391.9744094107562 -1.8364884013176628 -0.33259285921404436 7.227296775863458
59945 38860.0	-4506.869933769524 -5411.777885390915 -1319.9397980661695 -1.7879629096556076 -0.27422833374884736 7.241925460981889
59945 38870.0	-4524.41853998975 -5414.227113317344 -1247.763871047562 -1.7392454481062465 -0.21583395771334046 7.2557762864729165
59945 38880.0	-4541.481033607791 -5416.094823660199 -1175.4543579358854 -1.6903412581736896 -0.15741601281836692 7.2688477621618075
59945 38890.0	-4558.0555944861035 -5417.380819603569 -1103.019002391676 -1.6412556014167512 -0.09898078332234128 7.281138481724566
59945 38900.0	-4574.140454516333 -5418.084966314639 -1030.4655613371729 -1.591993758882663 -0.04053455535516126 7.292647122838569
59945 38910.0	-4589.733897796676 -5418.207190955588 -957.8018041691533 -1.5425610305605055 0.017916383732332952 7.303372447319596
59945 38920.0	-4604.8342608181965 -5417.747482689943 -885.0355119068134 -1.492962734789384 0.0763657460704028 7.313313301260264
59945 38930.0	-4619.439932631792 -5416.705892682182 -812.1744764022749 -1.4432042077079754 0.13480724392117438 7.322468615149655
59945 38940.0	-4633.549355023173 -5415.082534090736 -739.2264994862317 -1.3932908026587276 0.1932345903806606 7.330837403992891
59945 38950.0	-4647.161022675237 -5412.877582054185 -666.1993921443558 -1.343227889611748 0.251641500055108 7.3384187674164405
59945 38960.0	-4660.273483319289 -5410.091273672376 -593.100973724971 -1.2930208546090207 0.31002168971150224 7.345211889761468
59945 38970.0	-4672.885337892954 -5406.723907979427 -519.9390710818037 -1.2426750991629982 0.36836887897914766 7.351216040175107
59945 38980.0	-4684.995240679786 -5402.775845912971 -446.721517786567 -1.1921960397019924 0.42667679099454947 7.356430572685841
59945 38990.0	-4696.6018994609185 -5398.2475102719645 -373.45615323813223 -1.141589106943212 0.4849391531278494 7.36085492627794
59945 39000.0	-4707.704075639472 -5393.139385674586 -300.1508218995376 -1.0908597453527267 0.5431496976064591 7.364488624946888
59945 39010.0	-4718.300584375674 -5387.452018504932 -226.8133724382339 -1.0400134125376428 0.6013021622148932 7.3673312777530535
59945 39020.0	-4728.390294710772 -5381.186016854645 -153.45165689792614 -0.989055578658879 0.6593902909684596 7.369382578863413
59945 39030.0	-4737.972129681309 -5374.342050461298 -80.07352990235836 -0.9379917258650684 0.7174078347607843 7.370642307583719
59945 39040.0	-4747.04506644072 -5366.92085063181 -6.686847762246359 -0.8868273476580218 0.7753485520870264 7.371110328383703
59945 39050.0	-4755.608136358084 -5358.923210170967 66.70053228918931 -0.8355679483464892 0.8332062096643948 7.370786590910194
59945 39060.0	-4763.660425124241 -5350.349983294969 140.08075295737217 -0.7842190424316108 0.890974583128215 7.3696711299932804
59945 39070.0	-4771.20107284771 -5341.202085541256 213.445957715298 -0.732786154013632 0.9486474577014994 7.367764065642196
59945 39080.0	-4778.229274142039 -5331.4804936763785 286.78829160019455 -0.6812748162202197 1.0062186288382422 7.365065603033428
59945 39090.0	-4784.744278217103 -5321.186245585118 360.09990210662784 -0.6296905705660244 1.063681902941504 7.361576032486625
59945 39100.0	-4790.745388951961 -5310.320440169855 433.37293995056734 -0.5780389664017147 1.1210310979791427 7.357295729435374
59945 39110.0	-4796.231964971674 -5298.884237231195 506.5995599297404 -0.526325560294383 1.1782600441741993 7.352225154385807
59945 39120.0	-4801.203419715007 -5286.878857346194 579.7719217512995 -0.47455591542978576 1.2353625846685703 7.346364852866708
59945 39130.0	-4805.65922149466 -5274.30558174594 652.882190827023 -0.4227356010365602 1.2923325761603963 7.339715455373557
59945 39140.0	-4809.598893558008 -5261.16575217067 725.9225391641065 -0.3708701917416978 1.349163889614979 7.332277677295218
59945 39150.0	-4813.022014133893 -5247.460770740213 798.885146127073 -0.31896526701624683 1.405850410874174 7.3240523188424556
59945 39160.0	-4815.928216479943 -5233.1920998019905 871.7621992950795 -0.26702641055241716 1.4623860413391503 7.315040264959105
59945 39170.0	-4818.3171889217165 -5218.361261779267 944.545895280014 -0.21505920966742453 1.5187646986215366 7.305242485227403
59945 39180.0	-4820.1886748865645 -5202.969839012088 1017.228440550045 -0.16306925470244904 1.5749803171977808 7.294660033763675
59945 39190.0	-4821.542472931802 -5187.019473592035 1089.802052252191 -0.11106213842127166 1.6310268490616973 7.283294049104932
59945 39200.0	-4822.378436767187 -5170.511867190762 1162.2589590338916 -0.05904345540860689 1.6868982643751802 7.271145754086372
59945 39210.0	-4822.696475271665 -5153.448780882388 1234.5914018633373 -0.007018801468311797 1.7425885521168916 7.258216455709824
59945 39220.0	-4822.496552504442 -5135.8320349597125 1306.7916348486788 0.045006226978607344 1.7980917207290061 7.244507545003123
59945 39230.0	-4821.778687710346 -5117.663508744306 1378.8519260558287 0.09702603349598127 1.853401798761786 7.230020496870464
59945 39240.0	-4820.542955319453 -5098.9451403904695 1450.7645583249634 0.14903502223452558 1.9085128355160679 7.214756869933712
59945 39250.0	-4818.789484941022 -5079.678926683115 1522.521830085504 0.20102759853377938 1.963418901683472 7.198718306364718
59945 39260.0	-4816.518461351972 -5059.866922831278 1594.1160561632637 0.25299816951936627 2.018114089979525 7.18190653171015
59945 39270.0	-4813.730124478259 -5039.511242245053 1665.5395686236589 0.3049411447274264 2.0725925158031813 7.164323354698306
59945 39280.0	-4810.424769373899 -5018.614056332881 1736.7847175190536 0.35685093666038636 2.126848317822046 7.1459706670596
59945 39290.0	-4806.6027461898875 -4997.177594257569 1807.8438717598244 0.4087219614336124 2.1808756586508937 7.126850443307945
59945 39300.0	-4802.264460140672 -4975.204142712771 1878.7094198893667 0.46054863935322066 2.2346687254557263 7.106964740535885
59945 39310.0	-4797.410371464066 -4952.6960456848865 1949.3737708887406 0.5123253955163564 2.288221730579348 7.086315698193582
59945 39320.0	-4792.04099537304 -4929.65570419879 2019.829355009976 0.5640466604335231 2.3415289121874316 7.064905537849445
59945 39330.0	-4786.156902008455 -4906.085576087587 2090.068624514579 0.6157068705823233 2.3945845348416306 7.042736562969545
59945 39340.0	-4779.758716377206 -4881.988175716523 2160.084054533521 0.6673004690512813 2.447382890163506 7.019811158651344
59945 39350.0	-4772.847118291387 -4857.366073730956 2229.86814383212 0.718821906114871 2.499918297425248 6.996131791376338
59945 39360.0	-4765.422842299725 -4832.221896788696 2299.41341560372 0.770265639830556 2.5521851041610524 6.97170100874499
59945 39370.0	-4757.486677609773 -4806.55832727519 2368.712418291123 0.8216261366573935 2.6041776867980904 6.946521439191789
59945 39380.0	-4749.039468014543 -4780.378103046247 2437.7577263143276 0.8728978720062305 2.6558904512159005 6.920595791724202
59945 39390.0	-4740.082111799962 -4753.684017120477 2506.5419409173105 0.9240753308789766 2.707317833393956 6.893926855609484
59945 39400.0	-4730.615561656818 -4726.478917399368 2575.0576909209317 0.9751530084393287 2.758454299987508 6.866517500085444
59945 39410.0	-4720.640824583875 -4698.765706370716 2643.2976335035346 1.0261254106048912 2.809294348923033 6.838370674052092
59945 39420.0	-4710.158961780663 -4670.547340793865 2711.2544550085595 1.0769870546604978 2.8598325100124904 6.809489405741864
59945 39430.0	-4699.171088548068 -4641.826831416084 2778.9208716596117 1.1277324698032802 2.9100633454974334 6.779876802418833
59945 39440.0	-4687.678374165381 -4612.60724263423 2846.28963039197 1.178356197775756 2.959981450678527 6.7495360500194055
59945 39450.0	-4675.682041776221 -4582.891692190188 2913.3535095856537 1.2288527934262121 3.00958145447055 6.718470412824793
59945 39460.0	-4663.183368258205 -4552.683350832975 2980.1053198604563 1.279216825316523 3.058858020002088 6.686683233096391
59945 39470.0	-4650.183684097259 -4521.985442001081 3046.537904808904 1.3294428762842228 3.1078058451679973 6.654177930729621
59945 39480.0	-4636.684373251668 -4490.801241486839 3112.644141755582 1.3795255440252518 3.1564196632001487 6.620958002886655
59945 39490.0	-4622.686873004316 -4459.134077081233 3178.4169425419486 1.4294594416970656 3.2046942432555463 6.587027023605732
59945 39500.0	-4608.192673820954 -4426.987328240467 3243.8492542495374 1.479239198476023 3.252624390957773 6.552388643431055
59945 39510.0	-4593.203319190888 -4394.36442571951 3308.934059977449 1.5288594601569128 3.300204948976986 6.517046589005014
59945 39520.0	-4577.720405474628 -4361.268851228213 3373.6643795587356 1.5783148897070052 3.347430797563768 6.48100466268227
59945 39530.0	-4561.745581740185 -4327.704137068524 3438.0332703021645 1.6276001678402099 3.3942968551003254 6.444266742121293
59945 39540.0	-4545.280549586544 -4293.673865751332 3502.0338277582423 1.6767099936108671 3.440798078667926 6.406836779851204
59945 39550.0	-4528.327062975463 -4259.181669637242 3565.65918642476 1.7256390849622394 3.4869294645688726 6.368718802862512
59945 39560.0	-4510.886928043521 -4224.231230542467 3628.9025205047787 1.7743821793161385 3.532686048885263 6.32991691215727
59945 39570.0	-4492.962002923417 -4188.826279369579 3691.757044604581 1.8229340341174054 3.578062907992775 6.29043528232446
59945 39580.0	-4474.55419755288 -4152.9705957183705 3754.2160144560153 1.871289427398 3.623055159090849 6.250278161091421
59945 39590.0	-4455.665473469805 -4116.6680074756405 3816.27272766171 1.9194431583598361 3.667657960747868 6.209449868849411
