CIC_OEM_VERS 	= 2.0
CREATION_DATE  	= 2023-06-06T17:32:35Z
ORIGINATOR     	= e.NOVA

META_START

OBJECT_NAME 	= ['OPS', '3367', 'A']
OBJECT_ID 	= ['OPS', '3367', 'A']

CENTER_NAME 	= EARTH
REF_FRAME   	= EME2000
TIME_SYSTEM 	= UTC

META_STOP

59945 36000.0	-4056.9594851542106 -4583.8989220145095 3755.8860988902215 1.5027490027515615 3.7719954720075783 6.240896792956455
59945 36010.0	-4041.6850017389925 -4545.893429424946 3818.1699365152363 1.546369557230746 3.821182125123957 6.2000942558849355
59945 36020.0	-4025.9743585802184 -4507.396695341267 3880.043144341731 1.5898226455255995 3.8699562454401493 6.158623289788097
59945 36030.0	-4009.8292434825044 -4468.412866170551 3941.4990187827607 1.6331035874867978 3.91831257702594 6.116488362990552
59945 36040.0	-3993.2513914920332 -4428.946141444258 4002.5309011515947 1.6762077215388371 3.9662459089507385 6.073694015352272
59945 36050.0	-3976.2425847195727 -4389.000773382918 4063.132178368568 1.7191304051632796 4.01375107582424 6.030244857798294
59945 36060.0	-3958.804652134675 -4348.581066399158 4123.296283748181 1.76186701544019 4.060822958398941 5.986145571780265
59945 36070.0	-3940.9394693917056 -4307.691376682168 4183.016697648387 1.8044129494933825 4.107456484063543 5.941400908825321
59945 36080.0	-3922.6489586116572 -4266.336111684992 4242.286948252597 1.8467636250312067 4.1536466274392865 5.896015689978035
59945 36090.0	-3903.935088192563 -4224.519729684175 4301.100612230741 1.8889144808027758 4.199388410880627 5.849994805320186
59945 36100.0	-3884.799872579645 -4182.24673925416 4359.4513155095565 1.930860977133646 4.2446769050600155 5.80334321339588
59945 36110.0	-3865.2453720727 -4139.521698830883 4417.332733903324 1.972598596363096 4.289507229443014 5.756065940733713
59945 36120.0	-3845.2736925871877 -4096.349216178111 4474.738593867842 2.0141228433711786 4.333874552858168 5.708168081260663
59945 36130.0	-3824.8869854366894 -4052.7339479069424 4531.662673166773 2.0554292460444654 4.377774093997726 5.659654795773516
59945 36140.0	-3804.0874470984754 -4008.680598963858 4588.098801568117 2.096513355764947 4.421201121940664 5.610531311374429
59945 36150.0	-3782.8773189848407 -3964.1939221363145 4644.0408615052365 2.137370747874761 4.464150956647338 5.560802920925017
59945 36160.0	-3761.258887191101 -3919.2787175142703 4699.482788781634 2.177997022174315 4.506618969486703 5.510474982450205
59945 36170.0	-3739.2344822568402 -3873.9398319849033 4754.418573220339 2.218387803381764 4.548600583719816 5.459552918578129
59945 36180.0	-3716.8064789110313 -3828.1821586987726 4808.842259337054 2.2585387416113276 4.590091275000559 5.408042215947017
59945 36190.0	-3693.9772958259455 -3782.010636558723 4862.747946973825 2.298445512824193 4.631086571845146 5.355948424636736
59945 36200.0	-3670.74939533436 -3735.4302496390874 4916.12979200253 2.3381038193327495 4.671582056153648 5.303277157520777
59945 36210.0	-3647.1252831916654 -3688.4460267007535 4968.982006904079 2.3775093902144686 4.711573363635904 5.250034089725359
59945 36220.0	-3623.107508280937 -3641.0630405957645 5021.298861463806 2.4166579818136507 4.751056184324603 5.196224957962861
59945 36230.0	-3598.698662358005 -3593.286407756838 5073.074683358034 2.455545378163912 4.79002626300481 5.141855559960342
59945 36240.0	-3573.9013797456646 -3545.121287590776 5124.303858835308 2.4941673914832645 4.828479399713807 5.086931753778039
59945 36250.0	-3548.718337078414 -3496.5728819756487 5174.980833272951 2.5325198625773613 4.866411450145958 5.031459457244896
59945 36260.0	-3523.1522529888834 -3447.6464346482826 5225.100111840388 2.5705986613248424 4.903818326136746 4.9754446472683505
59945 36270.0	-3497.2058878239295 -3398.3472306542485 5274.656260083632 2.60839968710511 4.940695996086458 4.918893359214283
59945 36280.0	-3470.882043340811 -3348.6805957635606 5323.643904534416 2.645918869246567 4.977040485401202 4.8618116862469405
59945 36290.0	-3444.1835624147625 -3298.6518959121104 5372.0577332825815 2.6831521674486254 5.012847876905514 4.804205778697519
59945 36300.0	-3417.113328704754 -3248.2665365686316 5419.892496609829 2.720095572252757 5.0481143112992095 4.746081843346142
59945 36310.0	-3389.6742663729883 -3197.5299622066464 5467.143007510385 2.75674510542856 5.082835987529404 4.6874461428237755
59945 36320.0	-3361.8693397388074 -3146.4476556577374 5513.8041423147515 2.793096820441162 5.117009163237531 4.628304994876544
59945 36330.0	-3333.701552980422 -3095.0251375578064 5559.870841214453 2.829146802844041 5.150630155132264 4.568664771736425
59945 36340.0	-3305.1739497787103 -3043.267965690641 5605.3381088700135 2.8648911707386695 5.1836953394222 4.508531899372233
59945 36350.0	-3276.2896130205127 -2991.181734444255 5650.201014906451 2.9003260751482847 5.216201152165228 4.447912856870416
59945 36360.0	-3247.0516644357276 -2938.772074150307 5694.454694502338 2.935447700466992 5.248144089684859 4.386814175679348
59945 36370.0	-3217.4632642696697 -2886.044650491659 5738.09434890738 2.970252264854924 5.279520708933316 4.325242438931783
59945 36380.0	-3187.527610933591 -2833.0051638742 5781.1152459804325 3.0047360206515887 5.3103276278682054 4.263204280724901
59945 36390.0	-3157.247940666517 -2779.6593488224485 5823.512720697439 3.0388952547673704 5.340561525806345 4.200706385427242
59945 36400.0	-3126.627527166584 -2726.0129733248114 5865.282175689523 3.072726289101473 5.370219143797886 4.137755486925903
59945 36410.0	-3095.669681244358 -2672.0718382214936 5906.419081735857 3.1062254809258203 5.399297284966741 4.074358367922702
59945 36420.0	-3064.377750458883 -2617.8417765654294 5946.918978267931 3.1393892232803515 5.427792814857925 4.010521859197921
59945 36430.0	-3032.7551187522313 -2563.328652984237 5986.777473862365 3.172213945361375 5.455702661775428 3.946252838874348
59945 36440.0	-3000.80520607994 -2508.538363038549 6025.990246726094 3.2046961129060447 5.483023817113318 3.881558231676176
59945 36450.0	-2968.531468034543 -2453.4768325719897 6064.553045177154 3.2368322285757096 5.5097533356823964 3.816445008177153
59945 36460.0	-2935.937395482162 -2398.1500170867434 6102.461688097584 3.2686188323184564 5.535888336016096 3.7509201840781596
59945 36470.0	-2903.026514149608 -2342.5639010383375 6139.712065431967 3.3000525017723943 5.561426000706465 3.684990819388289
59945 36480.0	-2869.8023842788134 -2286.724497248189 6176.300138594868 3.331129852595149 5.586363576675856 3.618664017744485
59945 36490.0	-2836.2686002030005 -2230.63784618682 6212.221940956232 3.3618475388614284 5.610698375500812 3.55194692557707
59945 36500.0	-2802.4287899825194 -2174.310015361093 6247.473578247317 3.392202253396048 5.63442777368006 3.4848467313978038
59945 36510.0	-2768.2866149724496 -2117.7470985904397 6282.05122902808 3.4221907281621347 5.6575492129426594 3.4173706649550635
59945 36520.0	-2733.845769463329 -2060.9552154082717 6315.95114506573 3.4518097345757086 5.680060200494701 3.3495259965371824
59945 36530.0	-2699.109980243955 -2003.9405103369618 6349.169651782167 3.4810560838824536 5.701958309310754 3.2813200361242854
59945 36540.0	-2664.08300620817 -1946.7091522391647 6381.703148644132 3.509926627487774 5.723241178385267 3.2127601326301893
59945 36550.0	-2628.7686379370093 -1889.2673336315863 6413.548109566233 3.538418257300886 5.743906512990969 3.1438536730986
59945 36560.0	-2593.1706972989523 -1831.6212700313051 6444.7010832860415 3.5665279060570505 5.76395208491737 3.074608081937465
59945 36570.0	-2557.293036996896 -1773.7771992188032 6475.158693774892 3.5942525476749587 5.783375732730508 3.0050308200524065
59945 36580.0	-2521.1395401895275 -1715.7413806246127 6504.917640571846 3.6215891975480505 5.8021753619814405 2.9351293841277375
59945 36590.0	-2484.7141200280475 -1657.520094582174 6533.974699179753 3.648534912895092 5.8203489454527695 2.8649113057457636
59945 36600.0	-2448.0207192587773 -1599.1196416898006 6562.326721394445 3.675086793053049 5.837894523360777 2.794384150636481
59945 36610.0	-2411.063309752367 -1540.5463420582976 6589.970635681725 3.7012419798174725 5.854810203585604 2.723555517788459
59945 36620.0	-2373.8458921131773 -1481.8065346892706 6616.9034474807895 3.7269976577176225 5.871094161853756 2.652433038716599
59945 36630.0	-2336.3724952049665 -1422.9065767233226 6643.12223956091 3.7523510543450103 5.886744641951556 2.581024376571795
59945 36640.0	-2298.6471757249797 -1363.8528427681836 6668.624172330157 3.777299440640254 5.90175995590704 2.5093372253461967
59945 36650.0	-2260.674017752273 -1304.6517241889414 6693.406484152242 3.8018401311913066 5.916138484174703 2.437379309031756
59945 36660.0	-2222.4571323128125 -1245.3096284274375 6717.466491641512 3.8259704845139386 5.929878675805241 2.3651583808131913
59945 36670.0	-2184.000656908303 -1185.8329782679934 6740.801589970782 3.8496879033489613 5.9429790486203755 2.2926822221948044
59945 36680.0	-2145.3087550753057 -1126.228211153301 6763.409253148644 3.872989834933127 5.955438189367662 2.219958642187266
59945 36690.0	-2106.3856159213956 -1066.5017784674349 6785.287034300807 3.8958737712780893 5.9672547538752205 2.146995476453491
59945 36700.0	-2067.2354536823414 -1006.6601448540378 6806.432565929057 3.9183372494303343 5.978427467191758 2.073800586496437
59945 36710.0	-2027.8625072216928 -946.7097874490698 6826.843560191404 3.9403778517581185 5.988955123735053 2.0003818587415467
59945 36720.0	-1988.2710396133073 -886.6571952432956 6846.51780912674 3.9619932061840597 5.998836587408362 1.926747203776814
59945 36730.0	-1948.4653376318915 -826.5088683070549 6865.453184918319 3.983180986463807 6.00807079173436 1.8529045554233772
59945 36740.0	-1908.4497113168327 -766.271317129351 6883.647640109231 4.003938912417453 6.016656739961602 1.7788618699451484
59945 36750.0	-1868.2284934568831 -705.9510618399788 6901.099207845742 4.024264750197007 6.024593505181519 1.7046271251138823
59945 36760.0	-1827.8060391632746 -645.5546315676789 6917.806002069674 4.0441563125013245 6.031880230417961 1.6302083194403822
59945 36770.0	-1787.1867253526955 -585.08856366539 6933.76621774141 4.06361145883137 6.038516128727807 1.555613471241291
59945 36780.0	-1746.3749502840415 -524.559403019091 6948.978131028705 4.082628095711539 6.044500483282321 1.4808506178076475
59945 36790.0	-1705.375133068082 -463.9737013187778 6963.440099497026 4.101204176918353 6.049832647445767 1.4059278145257887
59945 36800.0	-1664.1917131999871 -403.3380163659268 6977.150562281802 4.119337703692575 6.054512044843075 1.3308531340423153
59945 36810.0	-1622.8291500319242 -342.6589112952731 6990.108040271191 4.137026724971903 6.0585381694268445 1.255634665321968
59945 36820.0	-1581.2919223336285 -281.94295392883737 7002.311136249449 4.154269337578644 6.061910585526351 1.1802805128681457
59945 36830.0	-1539.5845277569092 -221.19671599133085 7013.758535061854 4.171063686443275 6.064628927899191 1.104798795770677
59945 36840.0	-1497.7114823778898 -160.426772442142 7024.449003745868 4.187407964788902 6.066692901767895 1.0291976468970492
59945 36850.0	-1455.6773201568767 -99.63970068987533 7034.381391675489 4.203300414343121 6.068102282854453 0.9534852119366712
59945 36860.0	-1413.4865924915894 -38.84207994516919 7043.55463067155 4.218739325507101 6.0688569174021625 0.8776696486159925
59945 36870.0	-1371.1438676766797 21.959509559839944 7051.967735126024 4.233723037555112 6.068956722194176 0.8017591257465984
59945 36880.0	-1328.6537304202093 82.75848726686263 7059.619802102483 4.248249938806108 6.068401684561926 0.7257618223782143
59945 36890.0	-1286.0207813325396 143.54827302405783 7066.510011433302 4.2623184667997 6.0671918623867 0.6496859269041728
59945 36900.0	-1243.2496364358383 204.3222877866324 7072.637625803811 4.275927108459316 6.065327384094103 0.5735396362057643
59945 36910.0	-1200.3449266345829 265.0739543704392 7078.001990833155 4.289074400262348 6.062808448639787 0.49733115472911726
59945 36920.0	-1157.3112972217466 325.7966981521197 7082.602535139756 4.301758928392533 6.059635325488601 0.4210686936278141
59945 36930.0	-1114.153407361015 386.4839478007955 7086.438770400955 4.313979328894357 6.055808354585287 0.34476046986483366
59945 36940.0	-1070.8759295939637 447.1291359720947 7089.510291400894 4.325734287814403 6.0513279463199385 0.26841470536067646
59945 36950.0	-1027.4835492851446 507.7257000867644 7091.816776073861 4.337022541354143 6.04619458147983 0.19203962603385927
59945 36960.0	-983.9809641606125 568.2670829757474 7093.357985531336 4.347842875991372 6.040408811203336 0.11564346100830747
59945 36970.0	-940.3728837464259 628.7467336627656 7094.133764086328 4.358194128622733 6.033971256915666 0.039234441646371465
59945 36980.0	-896.664028889604 689.158108029334 7094.144039264281 4.3680751866793 6.026882610267147 -0.037179199271123675
59945 36990.0	-852.859131193881 749.494669595502 7093.388821806535 4.377484988256791 6.0191436330518995 -0.11358922851225195
59945 37000.0	-808.9629325538144 809.7498901620443 7091.868205664014 4.386422522217593 6.010755157134648 -0.18998741318736512
59945 37010.0	-764.9801845920394 869.9172505839315 7089.582367981407 4.394886828308774 6.001718084354278 -0.2663655217098202
59945 37020.0	-720.9156481568702 929.9902414580138 7086.531569072471 4.4028769972610515 5.9920333864301245 -0.3427153246493786
59945 37030.0	-676.7740927920172 989.9623638465778 7082.716152385493 4.410392170887937 5.981702104855907 -0.419028595632319
59945 37040.0	-632.5602962325033 1049.8271299628054 7078.136544461717 4.417431542174731 5.970725350792385 -0.49529711219435635
59945 37050.0	-588.2790438377992 1109.5780639388718 7072.793254878514 4.423994355372109 5.959104304937485 -0.5715126567400755
59945 37060.0	-543.9351281209754 1169.208702461502 7066.686876193076 4.430079906068598 5.94684021741276 -0.6476670173348458
59945 37070.0	-499.533348176421 1228.7125955422625 7059.818083865978 4.435687541273342 5.933934407616963 -0.7237519886697208
59945 37080.0	-455.0785091922471 1288.0833071712138 7052.1876361861505 4.4408166594808005 5.920388264094866 -0.7997593728788552
59945 37090.0	-410.57542187656213 1347.3144160835989 7043.796374173715 4.44546671074097 5.906203244373988 -0.8756809805027372
59945 37100.0	-366.02890198446335 1406.3995163894583 7034.645221490547 4.449637196712046 5.891380874824421 -0.9515086312773131
59945 37110.0	-321.44376974712077 1465.3322183314644 7024.735184324668 4.453327670718638 5.875922750481308 -1.0272341550886557
59945 37120.0	-276.82484936285687 1524.1061489576202 7014.067351276617 4.4565377377974595 5.859830534879285 -1.1028493928199326
59945 37130.0	-232.1769684605249 1582.7149528283455 7002.642893231357 4.459267054740245 5.843105959870753 -1.178346197243822
59945 37140.0	-187.50495759000978 1641.1522926854852 6990.4630632279805 4.461515330129346 5.8257508254469546 -1.253716433867285
59945 37150.0	-142.81364964988893 1699.4118502011866 6977.529196303614 4.463282324371178 5.807766999527725 -1.3289519818806803
59945 37160.0	-98.10787941272906 1757.4873265965437 6963.842709354651 4.464567849718966 5.789156417781726 -1.4040447349403462
59945 37170.0	-53.39248294855793 1815.3724433908787 6949.405100960705 4.465371770294778 5.769921083399479 -1.4789866021211409
59945 37180.0	-8.67229713440247 1873.0609430364868 6934.217951224781 4.465694002102751 5.750063066894052 -1.5537695087224397
59945 37190.0	36.047840922350815 1930.546589662565 6918.282921576867 4.465534513038491 5.729584505857684 -1.6283853972168876
59945 37200.0	80.76309435861322 1987.8231696850507 6901.601754602678 4.464893322891852 5.708487604756046 -1.7028262280268198
59945 37210.0	125.4686271241676 2044.8844925351516 6884.17627383149 4.4637705033448185 5.686774634673552 -1.7770839804560048
59945 37220.0	170.1596045108804 2101.724391334402 6866.008383527305 4.4621661779628585 5.664447933068033 -1.8511506535536513
59945 37230.0	214.83119364635718 2158.336723522314 6847.100068486329 4.460080522182536 5.641509903536669 -1.9250182669179865
59945 37240.0	259.4785640656719 2214.715371580932 6827.4533937939195 4.45751376329089 5.617963015535814 -1.9986788616275921
59945 37250.0	304.0968882004531 2270.854243652001 6807.070504606627 4.454466180402497 5.593809804135248 -2.0721245010342093
59945 37260.0	348.68134195360676 2326.747274259903 6785.953625887807 4.450938104426221 5.569052869720232 -2.145347271695207
59945 37270.0	393.2271051719101 2382.3884249035473 6764.105062180408 4.446929918033009 5.543694877741159 -2.218339284136188
59945 37280.0	437.72936221572013 2437.7716847679335 6741.527197326115 4.442442055611313 5.517738558403134 -2.2910926737717094
59945 37290.0	482.1833024655766 2492.8910713539963 6718.222494204691 4.4374750032214525 5.491186706382713 -2.363599601720578
59945 37300.0	526.584120855437 2547.7406311393725 6694.193494451578 4.432029298542191 5.464042180522477 -2.4358522556631867
59945 37310.0	570.9270183779199 2602.3144402021044 6669.44281818145 4.426105530815013 5.436307903535237 -2.5078428506516435
59945 37320.0	615.2072026510014 2656.606604917631 6643.9731636687975 4.41970434077483 5.407986861662774 -2.579563630018077
59945 37330.0	659.4198883866254 2710.6112625325773 6617.787307073934 4.4128264205879 5.379082104388359 -2.6510068661220334
59945 37340.0	703.5602979594628 2764.322581859157 6590.888102103572 4.405472513770524 5.34959674407882 -2.722164861258667
59945 37350.0	747.6236618892945 2817.7347638613905 6563.278479712318 4.39764341511464 5.319533955674786 -2.793029948425522
59945 37360.0	791.6052194075148 2870.8420423412426 6534.961447744129 4.389339970594027 5.288896976317542 -2.8635944922233
59945 37370.0	835.5002189220957 2923.6386844991457 6505.940090627802 4.3805630772824635 5.2576891050373415 -2.9338508895916338
59945 37380.0	879.3039185779205 2976.118991607549 6476.217569003335 4.371313683249144 5.225913702368996 -3.003791570696505
59945 37390.0	923.011586754134 3028.2772996057856 6445.797119379063 4.361592787459815 5.193574190003302 -3.0734089997148524
59945 37400.0	966.6185025872173 3080.1079797235498 6414.682053762987 4.35140143966723 5.160674050413034 -3.142695675658803
59945 37410.0	1010.1199564659678 3131.605439068404 6382.87575930483 4.340740740302379 5.127216826492444 -3.2116441331535963
59945 37420.0	1053.5112505861084 3182.764121281552 6350.381697885685 4.32961184034553 5.093206121143705 -3.2802469433084727
59945 37430.0	1096.787699408207 3233.5785070765382 6317.203405768883 4.318015941215045 5.058645596929916 -3.34849671443258
59945 37440.0	1139.9446302130334 3284.0431148907205 6283.344493169937 4.305954294626186 5.023538975645211 -3.416386092903627
59945 37450.0	1182.977383571858 3334.1525014340286 6248.808643881273 4.2934282024661705 4.987890037944202 -3.4839077639004623
59945 37460.0	1225.8813138983076 3383.901262330711 6213.599614824028 4.280439016640729 4.951702622897735 -3.551054452262405
59945 37470.0	1268.6517899004748 3433.284032642234 6177.7212356701075 4.266988138943608 4.914980627623155 -3.6178189231902866
59945 37480.0	1311.2841951255343 3482.295487495365 6141.177408380463 4.253077020893046 4.877728006830086 -3.68419398309096
59945 37490.0	1353.7739284422798 3530.9303426355464 6103.9721067842975 4.238707163580744 4.839948772410302 -3.750172480322851
59945 37500.0	1396.116404548153 3579.183355006132 6066.109376128743 4.223880117507441 4.801646992999106 -3.815747305978174
59945 37510.0	1438.307054452054 3627.049323297422 6027.593332640548 4.20859748242085 4.762826793550653 -3.8809113946259286
59945 37520.0	1480.3413259922988 3674.523088533155 5988.428163046799 4.192860907135279 4.723492354873578 -3.9456577251076324
59945 37530.0	1522.214684315473 3721.5995346099016 5948.618124121114 4.1766720893588785 4.68364791319408 -4.00997932127084
59945 37540.0	1563.922612375423 3768.2735888567727 5908.167542202197 4.1600327755077515 4.6432977596928415 -4.073869252732097
59945 37550.0	1605.460611404533 3814.5402225615258 5867.080812729559 4.142944760524928 4.602446240060642 -4.137320635595792
59945 37560.0	1646.824201441198 3860.394451556758 5825.362399714508 4.125409887670416 4.5610977539911035 -4.2003266332571565
59945 37570.0	1688.0089217639816 3905.831336699504 5783.016835293521 4.107430048343322 4.519256754756961 -4.262880457061056
59945 37580.0	1729.0103314180392 3950.845984450887 5740.048719180315 4.089007181859614 4.476927748687204 -4.324975367099842
59945 37590.0	1769.8240096595903 3995.433547362396 5696.462718191246 4.070143275258678 4.43411529471836 -4.386604672884808
59945 37600.0	1810.4455564770758 4039.5892246438298 5652.263565681009 4.050840363069456 4.390824003858808 -4.447761734132081
59945 37610.0	1850.8705930168337 4083.308262624161 5607.456061070014 4.031100527114145 4.347058538744643 -4.508439961402541
59945 37620.0	1891.0947620956042 4126.5859553045475 5562.045069269039 4.010925896265358 4.302823613096099 -4.568632816871039
59945 37630.0	1931.113728653383 4169.4176448436565 5516.035520158278 3.990318646224904 4.258123991228736 -4.62833381500391
59945 37640.0	1970.9231802286051 4211.798722064594 5469.432408032182 3.969280999285604 4.212964487532516 -4.687536523268343
59945 37650.0	2010.5188274061934 4253.724626930215 5422.240791065959 3.947815224100959 4.16734996597319 -4.746234562799597
59945 37660.0	2049.8964043186043 4295.19084907194 5374.465790709325 3.925923635419948 4.121285339524565 -4.804421609145056
59945 37670.0	2089.051669057292 4336.192928220955 5326.112591176707 3.903608593863737 4.0747755696953085 -4.862091392873657
59945 37680.0	2127.980404171454 4376.726454728957 5277.186438822886 3.8808725056483184 4.027825665946333 -4.919237700312774
59945 37690.0	2166.6784170881683 4416.787070003523 5227.692641604294 3.8577178223445774 3.9804406851919607 -4.975854374167227
59945 37700.0	2205.1415406047404 4456.37046701597 5177.636568439748 3.834147040589884 3.932625731205719 -5.031935314242528
59945 37710.0	2243.365633289828 4495.472390711919 5127.023648677057 3.8101627018472772 3.884385954128744 -5.087474478032713
59945 37720.0	2281.346579966319 4534.088638503586 5075.859371444594 3.785767392109 3.8357265498692183 -5.1424658814258315
59945 37730.0	2319.080292136944 4572.215060700232 5024.149285066271 3.7609637416279096 3.7866527595636392 -5.196903599323968
59945 37740.0	2356.5627084305015 4609.8475609568895 4971.898996439381 3.7357544246296426 3.7371698690037123 -5.250781766291317
59945 37750.0	2393.7897950250795 4646.982096697207 4919.114170433584 3.7101421590331194 3.687283208084415 -5.304094577167335
59945 37760.0	2430.7575461009737 4683.61467956313 4865.800529237945 3.6841297061442937 3.636998150203892 -5.356836287720513
59945 37770.0	2467.4619842575307 4719.741375825524 4811.963851747607 3.6577198703672424 3.5863201117019683 -5.409001215248396
59945 37780.0	2503.8991609463196 4755.358306808308 4757.609972916903 3.6309154988972523 3.535254551267944 -5.460583739199097
59945 37790.0	2540.0651568786525 4790.461649284479 4702.744783139811 3.603719481425724 3.483806969375083 -5.511578301754409
59945 37800.0	2575.9560824806126 4825.047635915451 4647.374227547902 3.5761347498025406 3.4319829076386292 -5.561979408477993
59945 37810.0	2611.5680782652944 4859.112555607058 4591.504305422588 3.5481642777533606 3.379787948282064 -5.611781628844797
59945 37820.0	2646.8973152839158 4892.65275393895 4535.141069476351 3.519811080530199 3.327227713481449 -5.660979596879459
59945 37830.0	2681.939995504343 4925.664633521164 4478.290625235326 3.4910782146109005 3.274307864805576 -5.709568011690816
59945 37840.0	2716.6923522543084 4958.144654409253 4420.959130307964 3.4619687773396786 3.221034102550716 -5.757541638094507
59945 37850.0	2751.1506505810544 4990.08933443748 4363.152793777379 3.4324859066284468 3.167412165191506 -5.804895307117475
59945 37860.0	2785.3111876840526 5021.495249617655 4304.87787546373 3.4026327805907948 3.1134478287117187 -5.851623916601501
59945 37870.0	2819.170293295042 5052.3590344855875 4246.140685261198 3.3724126172120217 3.0591469060053513 -5.89772243173183
59945 37880.0	2852.7243300757277 5082.677382460777 4186.947582434568 3.3418286739970715 3.0045152462410094 -5.943185885587818
59945 37890.0	2885.969693991031 5112.447046180947 4127.304974946921 3.3108842476328597 2.9495587342558838 -5.988009379658309
59945 37900.0	2918.902814725419 5141.664837871991 4067.2193186988475 3.279582673603202 2.894283289868935 -6.032188084412861
59945 37910.0	2951.5201560224305 5170.327629645938 4006.6971168932814 3.24792732586725 2.838694867310673 -6.075717239767093
59945 37920.0	2983.8182160959377 5198.432353859742 3945.7449192592358 3.215921616463062 2.7827994545237758 -6.118592155642308
59945 37930.0	3015.793527974147 5225.976003411315 3884.369321386749 3.1835689951675517 2.726603072566767 -6.160808212432708
59945 37940.0	3047.4426599020844 5252.955632083265 3822.576963939844 3.1508729490908625 2.670111774906533 -6.202360861547914
59945 37950.0	3078.762215667032 5279.368354816811 3760.3745320043945 3.1178370023401936 2.613331646835198 -6.243245625851272
59945 37960.0	3109.748834989951 5305.2113480390735 3697.768754296825 3.084464715608658 2.556268804760317 -6.283458100182744
59945 37970.0	3140.3991938681525 5330.481849945258 3634.766402454673 3.050759685805776 2.4989293955707357 -6.32299395181518
59945 37980.0	3170.710004933304 5355.177160790501 3571.374290284746 3.0167255456639244 2.4413195959644125 -6.361848920928214
59945 37990.0	3200.67801778664 5379.294643159618 3507.5992730458374 2.9823659633617936 2.383445611808362 -6.400018821050367
59945 38000.0	3230.3000193696716 5402.8317222620535 3443.4482466436693 2.9476846420990843 2.3253136774195644 -6.437499539543848
59945 38010.0	3259.572834280424 5425.785886179175 3378.9281469273938 2.912685319724238 2.266930054938826 -6.4742870380171516
59945 38020.0	3288.4933251122898 5448.154686126703 3314.0459489268806 2.877371768328925 2.2083010336514293 -6.510377352764192
59945 38030.0	3317.058392798418 5469.93573671745 3248.8086660628205 2.841747793826083 2.1494329292839582 -6.545766595207366
59945 38040.0	3345.2649769287596 5491.126716199044 3183.2233494039374 2.805817235551972 2.090332083344403 -6.580450952303561
59945 38050.0	3373.110056078092 5511.725366696569 3117.297086886403 2.7695839658461785 2.0310048624287296 -6.6144266869611945
59945 38060.0	3400.5906481125826 5531.72949443552 3051.037002569886 2.733051889650184 1.9714576575610474 -6.647690138428159
59945 38070.0	3427.703810530682 5551.13696998602 2984.4502557973333 2.6962249440514388 1.911696883447846 -6.680237722718506
59945 38080.0	3454.446640739276 5569.945728456024 2917.5440404962264 2.6591070979038567 1.8517289778600041 -6.712065932957823
59945 38090.0	3480.816276387811 5588.15376972268 2850.32558432522 2.621702351361476 1.7915604008765107 -6.743171339795624
59945 38100.0	3506.8098956458284 5605.7591586193685 2782.8021479460176 2.5840147354799377 1.7311976342411306 -6.773550591746939
59945 38110.0	3532.424717526967 5622.7600251510885 2714.981024162461 2.546048311742575 1.6706471806007843 -6.803200415585826
59945 38120.0	3557.6580021490286 5639.154564662208 2646.8695372100933 2.507807171668953 1.6099155628790696 -6.83211761666079
59945 38130.0	3582.507051046279 5654.941038035442 2578.475041894707 2.469295436337548 1.5490093235153637 -6.86029907926803
59945 38140.0	3606.969207440912 5670.117771859352 2509.8049228226173 2.430517255958186 1.487935023786487 -6.887741766974013
59945 38150.0	3631.0418565256246 5684.68315859898 2440.8665935864656 2.3914768094180685 1.426699243089196 -6.91444272294757
59945 38160.0	3654.722425726619 5698.635656750347 2371.6674959904394 2.352178303848596 1.3653085782583025 -6.940399070266932
59945 38170.0	3678.0083849954735 5711.9737910076055 2302.2150991758367 2.312625974134188 1.303769642796831 -6.965608012254981
59945 38180.0	3700.8972470442077 5724.6961523922655 2232.516898895566 2.2728240825041413 1.2420890662389166 -6.990066832748709
59945 38190.0	3723.386567629451 5736.80139840659 2162.580416628223 2.2327769180318393 1.180273493370926 -7.013772896418738
59945 38200.0	3745.4739457870623 5748.288253154379 2092.4131988237345 2.192488796207433 1.118329583569686 -7.036723649031818
59945 38210.0	3767.157024105586 5759.155507478064 2022.0228160119445 2.15196405843061 1.0562640100200265 -7.058916617750626
59945 38220.0	3788.4334889442916 5769.402019062081 1951.4168620685457 2.1112070715921574 0.9940834590718346 -7.0803494113720715
59945 38230.0	3809.3010706946793 5779.026712553952 1880.6029533251658 2.07022222756452 0.9317946294600417 -7.101019720606806
59945 38240.0	3829.75754400645 5788.028579662301 1809.5887277757324 2.0290139427462237 0.8694042316100754 -7.120925318318162
59945 38250.0	3849.8007280218053 5796.406679254269 1738.3818442377042 1.987586657578809 0.806918986904057 -7.140064059765741
59945 38260.0	3869.42848659423 5804.16013744103 1666.9899815487483 1.945944836082886 0.7443456269786142 -7.158433882829853
59945 38270.0	3888.638728519945 5811.288147663389 1595.420837699165 1.904092965355337 0.6816908929668116 -7.176032808243764
59945 38280.0	3907.42940774682 5817.789970762682 1523.6821290249322 1.8620355551002898 0.6189615347937925 -7.192858939800188
59945 38290.0	3925.798523588769 5823.664935048654 1451.7815893616962 1.8197771371358815 0.5561643104386559 -7.208910464558667
59945 38300.0	3943.7441209238896 5828.9124363564 1379.726969241186 1.7773222649244662 0.49330598523389146 -7.224185653034054
59945 38310.0	3961.264290413017 5833.531938103691 1307.5260349852929 1.7346755130411267 0.4303933310759831 -7.238682859397818
59945 38320.0	3978.3571686738046 5837.522971329369 1235.186567956554 1.6918414767328382 0.3674331257729727 -7.252400521636632
59945 38330.0	3995.020938490491 5840.885134736032 1162.7163636430632 1.648824771378551 0.3044321522481035 -7.265337161736264
59945 38340.0	4011.253828984984 5843.618094716814 1090.1232308815024 1.6056300320294326 0.24139719786427305 -7.277491385828806
59945 38350.0	4027.054115815274 5845.721585381659 1017.4149909393475 1.5622619128641146 0.17833505362651159 -7.288861884356114
59945 38360.0	4042.4201213315196 5847.195408569743 944.5994767614268 1.518725086740206 0.11525251352769805 -7.29944743219601
59945 38370.0	4057.3502147624713 5848.039433860382 871.6845320565017 1.475024244649124 0.05215637375586302 -7.309246888805738
59945 38380.0	4071.84281237434 5848.2535985732375 798.6780104847915 1.4311640952295863 -0.010946568010415714 -7.318259198339719
59945 38390.0	4085.89637763413 5847.837907762443 725.5877748002413 1.3871493642526473 -0.0740495133453678 -7.326483389765021
59945 38400.0	4099.509421359237 5846.792434203689 652.4216960368622 1.3429847941317998 -0.13714566378086235 -7.333918576962557
59945 38410.0	4112.680501881225 5845.117318372897 579.187652592042 1.2986751433694923 -0.20022822159963938 -7.340563958829967
59945 38420.0	4125.408225174485 5842.812768419819 505.8935294696239 1.2542251860986093 -0.2632903904902639 -7.346418819358813
59945 38430.0	4137.691245010547 5839.879060131595 432.5472173558344 1.2096397115215354 -0.32632537634570125 -7.351482527719064
59945 38440.0	4149.528263081975 5836.316536892644 359.1566118361834 1.1649235234331166 -0.3893263879400055 -7.355754538321925
59945 38450.0	4160.918029145025 5832.125609631949 285.72961247075773 1.1200814396561398 -0.45228663772627 -7.359234390883616
59945 38460.0	4171.859341129823 5827.306756770902 212.27412203657468 1.0751182915770934 -0.5151993424906185 -7.361921710469704
59945 38470.0	4182.351045271221 5821.860524155962 138.79804560916136 1.0300389235824905 -0.5780577241437264 -7.363816207539401
59945 38480.0	4192.392036218023 5815.7875249894705 65.30928974712606 0.9848481925565626 -0.6408550104234598 -7.364917677975036
59945 38490.0	4201.981257143995 5809.088439750681 -8.184238368208298 0.93955096735005 -0.7035844356355632 -7.365226003104399
59945 38500.0	4211.117699847675 5801.764016113646 -81.67463174776276 0.89415212827553 -0.7662392413550754 -7.3647411497135575
59945 38510.0	4219.800404860052 5793.815068848053 -155.15398451244164 0.8486565665378625 -0.8288126772149285 -7.363463170050214
59945 38520.0	4228.028461526841 5785.242479728815 -228.61439264940373 0.8030691837629171 -0.8912980015563494 -7.361392201818672
59945 38530.0	4235.801008106075 5776.047197421473 -302.0479549352267 0.7573948914217015 -0.9536884822210219 -7.358528468163998
59945 38540.0	4243.117231843901 5766.230237376143 -375.44677371691114 0.7116386103411245 -1.015977397221695 -7.354872277649798
59945 38550.0	4249.976369060363 5755.79268169691 -448.80295583364705 0.6658052701258108 -1.0781580355319278 -7.35042402422161
59945 38560.0	4256.3777052129635 5744.735679026207 -522.1086133706635 0.6198998086831053 -1.1402236977327733 -7.345184187168946
59945 38570.0	4262.320574970838 5733.060444400455 -595.3558645729172 0.5739271716469703 -1.2021676967945565 -7.339153331069876
59945 38580.0	4267.804362273703 5720.768259112774 -668.5368346549403 0.5278923118652414 -1.2639833587700713 -7.332332105731986
59945 38590.0	4272.828500389679 5707.860470562261 -741.6436566546895 0.48180018885795595 -1.325664023524528 -7.3247212461212925
59945 38600.0	4277.39247196509 5694.338492102884 -814.668472247718 0.43565576829922903 -1.3872030454314797 -7.316321572285796
59945 38610.0	4281.495809073371 5680.203802874095 -887.6034326242843 0.38946402145802783 -1.44859379412131 -7.307133989263127
59945 38620.0	4285.1380932543 5665.457947635779 -960.4406993009861 0.34322992467877445 -1.5098296551739336 -7.297159486985626
59945 38630.0	4288.318955550401 5650.10253658935 -1033.1724449695082 0.29695845883712124 -1.570904030842246 -7.2863991401720645
59945 38640.0	4291.038076536203 5634.139245201313 -1105.7908542991781 0.250654608823655 -1.6318103407362297 -7.274854108216752
59945 38650.0	4293.295186346202 5617.569813997899 -1178.2881248399178 0.20432336296222364 -1.69254202259074 -7.262525635053716
59945 38660.0	4295.090064691484 5600.396048387689 -1250.6564677643519 0.15796971252937042 -1.7530925328978049 -7.249415049036841
59945 38670.0	4296.422540877054 5582.619818440642 -1322.8881087736117 0.11159865116788814 -1.8134553476756086 -7.23552376278412
59945 38680.0	4297.29249380966 5564.2430586926375 -1394.9752888615908 0.06521517438949842 -1.8736239631183562 -7.2208532730369335
59945 38690.0	4297.699852003261 5545.26776790917 -1466.9102652165689 0.018824278987925602 -1.9335918963603878 -7.205405160483854
59945 38700.0	4297.644593576876 5525.696008883885 -1538.6853119566088 -0.027569037442523037 -1.993352686100914 -7.189181089608301
59945 38710.0	4297.126746249017 5505.529908189969 -1610.2927210206337 -0.07395977709001023 -2.0528998933580747 -7.1721828084948465
59945 38720.0	4296.14638732587 5484.771655950933 -1681.7248029564628 -0.12034294244327781 -2.112227102136436 -7.154412148647445
59945 38730.0	4294.703643684456 5463.423505593064 -1752.9738877506416 -0.16671353683812073 -2.171327920128708 -7.135871024789131
59945 38740.0	4292.798691751355 5441.4877736042945 -1824.0323256122165 -0.21306656497533516 -2.2301959793786414 -7.116561434663999
59945 38750.0	4290.431757473816 5418.966839256005 -1894.892487853892 -0.2593970335035485 -2.288824937023988 -7.096485458803581
59945 38760.0	4287.603116289636 5395.863144366222 -1965.5467676148912 -0.30569995150023765 -2.3472084759076974 -7.075645260326366
59945 38770.0	4284.3130930872485 5372.179193005904 -2035.9875807430874 -0.35197033105811193 -2.4053403053203386 -7.0540430846839595
59945 38780.0	4280.562062165339 5347.917551242462 -2106.207366537936 -0.3982031877818628 -2.463214161626766 -7.0316812594373985
59945 38790.0	4276.350447181542 5323.080846833609 -2176.1985886204016 -0.44439354136966136 -2.5208238089969583 -7.008562193985389
59945 38800.0	4271.678721101847 5297.671768956503 -2245.953735676777 -0.490536416113198 -2.578163040032154 -6.984688379321828
59945 38810.0	4266.547406142802 5271.693067912534 -2315.465322255335 -0.5366268414336977 -2.635225676434011 -6.960062387768412
59945 38820.0	4260.957073703437 5245.147554802217 -2384.7258896206804 -0.5826598524577657 -2.6920055697203296 -6.9346868726759
59945 38830.0	4254.908344302812 5218.038101248417 -2453.728006458842 -0.6286304904956659 -2.748496601817564 -6.908564568168423
59945 38840.0	4248.4018875010515 5190.367639056224 -2522.4642697314166 -0.6745338036198725 -2.8046926857749543 -6.881698288824938
59945 38850.0	4241.438421822656 5162.139159903304 -2590.927305429147 -0.7203648471783026 -2.860587766395445 -6.854090929386923
59945 38860.0	4234.018714671214 5133.355715007687 -2659.1097693647193 -0.7661186843350072 -2.9161758208980166 -6.825745464441764
59945 38870.0	4226.143582242775 5104.0204148044 -2727.004347926183 -0.8117903865859024 -2.9714508595471627 -6.796664948112266
59945 38880.0	4217.813889427572 5074.136428590665 -2794.60375888672 -0.8573750343137385 -3.0264069263275455 -6.766852513712669
59945 38890.0	4209.030549713131 5043.706984190209 -2861.900752151064 -0.9028677173019719 -3.0810380995662525 -6.736311373420923
59945 38900.0	4199.794525078248 5012.735367596264 -2928.8881105340815 -0.9482635352716375 -3.1353384925804892 -6.705044817927369
59945 38910.0	4190.106825887579 4981.224922627423 -2995.5586504946077 -0.9935575983893741 -3.1893022542881955 -6.673056216094029
59945 38920.0	4179.96851076776 4949.17905053371 -3061.905222959061 -1.038745027837762 -3.2429235698906105 -6.640349014561022
59945 38930.0	4169.380686499606 4916.60120966552 -3127.920713995191 -1.0838209562853207 -3.2961966614326728 -6.606926737414433
59945 38940.0	4158.344507882974 4883.49491506458 -3193.598045633535 -1.1287805284583408 -3.3491157884821323 -6.572792985772538
59945 38950.0	4146.861177616302 4849.8637381111 -3258.9301765571486 -1.1736189016243368 -3.4016752487014363 -6.537951437427084
59945 38960.0	4134.931946150149 4815.711306101461 -3323.910102914083 -1.21833124616094 -3.4538693785176857 -6.502405846410813
59945 38970.0	4122.558111561617 4781.041301896516 -3388.5308589766146 -1.262912746021067 -3.505692553668415 -6.466160042635726
59945 38980.0	4109.741019398517 4745.8574634903025 -3452.785517939338 -1.307358599294867 -3.5571391898582334 -6.429217931446624
59945 38990.0	4096.482062534956 4710.163583620538 -3516.667192621506 -1.3516640187072877 -3.6082037433375778 -6.391583493215747
59945 39000.0	4082.7826810146303 4673.963509352398 -3580.1690362049076 -1.3958242321415428 -3.6588807115091435 -6.353260782907423
59945 39010.0	4068.64436189756 4637.261141678963 -3643.284242928247 -1.4398344831337657 -3.7091646334986823 -6.314253929658115
59945 39020.0	4054.068639082341 4600.060435064822 -3706.0060488657955 -1.48369003142781 -3.7590500907920723 -6.274567136294118
59945 39030.0	4039.0570931544053 4562.365397064492 -3768.3277325630415 -1.527386153431818 -3.8085317077574974 -6.234204678926597
59945 39040.0	4023.611351196898 4524.180087851472 -3830.2426158113158 -1.5709181427731587 -3.8576041522773803 -6.193170906449392
59945 39050.0	4007.7330866250977 4485.508619813773 -3891.7440642969464 -1.614281310767073 -3.9062621362796017 -6.1514702401058265
59945 39060.0	3991.4240189864163 4446.355157070764 -3952.82548836516 -1.6574709869673514 -3.9545004163587425 -6.109107172968897
59945 39070.0	3974.6859137915035 4406.723915072457 -4013.4803436388374 -1.700482519616192 -4.002313794281464 -6.066086269508302
59945 39080.0	3957.5205823057336 4366.619160108739 -4073.702131766884 -1.743311276186941 -4.0496971175934116 -6.022412165058267
59945 39090.0	3939.9298813583982 4326.045208867804 -4133.48440108169 -1.785952643864094 -4.096645280153258 -5.978089565336496
59945 39100.0	3921.9157131371494 4285.006427965378 -4192.820747288899 -1.8284020300476105 -4.143153222691235 -5.933123245929502
59945 39110.0	3903.4800249871078 4243.507233490314 -4251.704814120779 -1.8706548628326714 -4.189215933338074 -5.887518051793899
59945 39120.0	3884.624809189477 4201.552090509056 -4310.130294036406 -1.9127065915244352 -4.234828448189566 -5.841278896710696
59945 39130.0	3865.352102751268 4159.145512601082 -4368.090928864506 -1.9545526871132206 -4.279985851825134 -5.7944107627716
59945 39140.0	3845.6639871808125 4116.2920613676515 -4425.580510472157 -1.9961886427696889 -4.324683277845562 -5.7469186998340795
59945 39150.0	3825.5625882707204 4072.9963459618893 -4482.592881392702 -2.0376099743119975 -4.368915909377908 -5.698807824998242
59945 39160.0	3805.050075848284 4029.2630225535245 -4539.121935528517 -2.0788122207287723 -4.412678979637405 -5.650083322009266
59945 39170.0	3784.1286635652423 3985.0967938835493 -4595.161618723163 -2.1197909446087144 -4.455967772386888 -5.600750440757919
59945 39180.0	3762.800608637009 3940.502408715225 -4650.705929457614 -2.1605417326619207 -4.4987776224912635 -5.550814496663933
59945 39190.0	3741.0682116170838 3895.4846613648615 -4705.748919432098 -2.201060196159285 -4.5411039163823474 -5.500280870146511
59945 39200.0	3718.933816126101 3850.048391142178 -4760.284694249579 -2.2413419714479006 -4.582942092600857 -5.449155005991837
59945 39210.0	3696.3998086256643 3804.198481888382 -4814.307413967732 -2.281382720371292 -4.624287642236079 -5.397442412828411
59945 39220.0	3673.4686181400853 3757.9398614109828 -4867.811293765577 -2.32117813077559 -4.665136109452432 -5.345148662484643
59945 39230.0	3650.142716004364 3711.277500977393 -4920.790604527364 -2.360723916956244 -4.70548309195125 -5.292279389410757
59945 39240.0	3626.4246155942346 3664.216414776265 -4973.239673453857 -2.4000158201265096 -4.745324241452364 -5.238840290062567
59945 39250.0	3602.3168720663366 3616.761659403186 -5025.152884635487 -2.4390496088589515 -4.784655264145406 -5.184837122311212
59945 39260.0	3577.8220820605247 3568.918333275772 -5076.524679692469 -2.477821079578832 -4.823471921190612 -5.130275704770913
59945 39270.0	3552.9428834505807 3520.6915761483356 -5127.349558294961 -2.5163260569688983 -4.861770029127416 -5.075161916238288
59945 39280.0	3527.681955035523 3472.0865685139543 -5177.6220787950315 -2.554560394459927 -4.899545460366364 -5.019501695001789
59945 39290.0	3502.0420162741066 3423.1085310948356 -5227.3368587536 -2.5925199746435044 -4.936794143600406 -4.963301038250188
59945 39300.0	3476.0258269665987 3373.762724234999 -5276.488575558311 -2.6302007097555395 -4.973512064283179 -4.906566001367622
59945 39310.0	3449.636186990592 3324.054447400361 -5325.071966921445 -2.6675985420698436 -5.009695265015995 -4.849302697350112
59945 39320.0	3422.8759359764304 3273.9890385673143 -5373.081831480227 -2.7047094443716677 -5.0453398460100845 -4.791517296092556
59945 39330.0	3395.74795301466 3223.5718736763683 -5420.513029321308 -2.741529420374751 -5.080441965490735 -4.7332160237486995
59945 39340.0	3368.255156343464 3172.808366051551 -5467.360482528793 -2.77805450515818 -5.114997840117571 -4.674405162050183
59945 39350.0	3340.400503048828 3121.703965847093 -5513.61917569703 -2.814280765577402 -5.149003745377346 -4.615091047655551
59945 39360.0	3312.186988721932 3070.264159418919 -5559.2841565018725 -2.850204300722782 -5.182456016018276 -4.555280071410528
59945 39370.0	3283.617647173405 3018.494468804274 -5604.3505361639045 -2.88582124229521 -5.21535104640343 -4.494978677732151
59945 39380.0	3254.6955500800595 2966.4004510811133 -5648.813490009917 -2.9211277550605583 -5.24768529093472 -4.4341933638517785
59945 39390.0	3225.4238066821895 2913.987697823194 -5692.668257939981 -2.9561200372314427 -5.279455264406297 -4.372930679167831
59945 39400.0	3195.8055634214898 2861.2618344514385 -5735.910144973623 -2.99079432091357 -5.310657542413927 -4.311197224476041
59945 39410.0	3165.8440036415814 2808.228519700975 -5778.5345216889755 -3.0251468724685666 -5.341288761685137 -4.248999651333357
59945 39420.0	3135.5423472205293 2754.8934449699664 -5820.536824750896 -3.059173992949607 -5.3713456204721926 -4.186344661282089
59945 39430.0	3104.903850240851 2701.2623337387095 -5861.912557370974 -3.092872018484461 -5.400824878894175 -4.1232390051547965
59945 39440.0	3073.9318046375333 2647.3409409531105 -5902.657289787098 -3.126237320675933 -5.429723359291526 -4.059689482335912
59945 39450.0	3042.6295378586424 2593.1350524332265 -5942.766659714307 -3.1592663069809053 -5.45803794655845 -3.9957029400514785
59945 39460.0	3011.0004124950487 2538.650484231365 -5982.236372824357 -3.191955421114696 -5.485765588493932 -3.9312862725979403
59945 39470.0	2979.0478259336987 2483.8930820343803 -6021.062203182321 -3.224301143422236 -5.512903296120553 -3.866446420621587
59945 39480.0	2946.775209990901 2428.868720534465 -6059.2399936973625 -3.2562999912627637 -5.539448144011568 -3.801190370359404
59945 39490.0	2914.186030561862 2373.583302830753 -6096.765656542816 -3.2879485193708584 -5.565397270594765 -3.735525152915025
59945 39500.0	2881.283787221187 2318.042759750637 -6133.635173621943 -3.319243320257987 -5.59074787848612 -3.6694578434380167
59945 39510.0	2848.0720128911835 2262.2530492892574 -6169.844596944089 -3.3501810245405705 -5.615497234759559 -3.602995560442066
59945 39520.0	2814.554273432346 2206.2201559201753 -6205.390049078534 -3.3807583013357885 -5.639642671268472 -3.5361454649687456
59945 39530.0	2780.7341672939656 2149.950090010442 -6240.267723530286 -3.4109718585931086 -5.6631815849117 -3.4689147598741297
59945 39540.0	2746.6153250969546 2093.4488871251756 -6274.473885177246 -3.440818443480709 -5.686111437939272 -3.4013106889822824
59945 39550.0	2712.2014092902 2036.7226074576063 -6308.004870620073 -3.470294842698602 -5.7084297581971395 -3.333340536387236
59945 39560.0	2677.496113729473 1979.7773351332507 -6340.857088600801 -3.499397882853599 -5.730134139416198 -3.2650116256032438
59945 39570.0	2642.503163300672 1922.619177590656 -6373.027020365397 -3.5281244307878037 -5.751222241461562 -3.196331318805219
59945 39580.0	2607.226313522021 1865.2542649301297 -6404.511220036916 -3.556471393918544 -5.771691790586895 -3.127307016029597
59945 39590.0	2571.669350146099 1807.688749265103 -6435.306314978073 -3.584435720571296 -5.79154057967956 -3.0579461543770274
