CIC_OEM_VERS 	= 2.0
CREATION_DATE  	= 2023-06-06T17:32:35Z
ORIGINATOR     	= e.NOVA

META_START

OBJECT_NAME 	= ['THOR', 'AGENA', 'D', 'RB']
OBJECT_ID 	= ['THOR', 'AGENA', 'D', 'RB']

CENTER_NAME 	= EARTH
REF_FRAME   	= EME2000
TIME_SYSTEM 	= UTC

META_STOP

59945 36000.0	21.60112075446841 -2085.809726793154 6828.512195159532 -4.074409849376212 5.995406712096875 1.8556271507137487
59945 36010.0	-18.855776436154656 -2026.1611552864113 6846.5704404915 -4.0744373730157175 6.017755669893864 1.7812730867739388
59945 36020.0	-59.312142519515874 -1966.2921046705858 6863.88989854051 -4.074025007919073 6.039454450510155 1.7067278221130677
59945 36030.0	-99.76363479072188 -1906.2089924003938 6880.468675107907 -4.07317279600534 6.060500705822038 1.6319994299376646
59945 36040.0	-140.20591060878792 -1845.918259327958 6896.304954644579 -4.071880826819217 6.080892158366172 1.5570960033129255
59945 36050.0	-180.63462787899653 -1785.4263689917534 6911.397000467679 -4.070149237521029 6.1006266016007284 1.4820256542340484
59945 36060.0	-221.04544547887213 -1724.7398069870865 6925.7431549468365 -4.067978212873123 6.119701900129903 1.4067965128000188
59945 36070.0	-261.434023740753 -1663.8650802497014 6939.341839704055 -4.065367985218901 6.138115989948777 1.3314167262806906
59945 36080.0	-301.7960248779118 -1602.8087164216158 6952.191555785137 -4.062318834459518 6.155866878653301 1.255894458287007
59945 36090.0	-342.12711346716947 -1541.5772631296268 6964.290883842676 -4.058831088021996 6.172952645668767 1.1802378878342048
59945 36100.0	-382.4229568750079 -1480.177287346733 6975.638484292595 -4.05490512082624 6.189371442445178 1.1044552085088042
59945 36110.0	-422.67922574001864 -1418.6153746658165 6986.233097480148 -4.050541355242278 6.205121492669197 1.0285546275283846
59945 36120.0	-462.89159440237245 -1356.8981286514795 6996.073543822303 -4.045740261047135 6.220201092446132 0.952544364899051
59945 36130.0	-503.0557413683473 -1295.0321701361968 7005.158723952496 -4.040502355373407 6.234608610488827 0.876432652505438
59945 36140.0	-543.1673497746121 -1233.0241365141255 7013.487618856134 -4.03482820265201 6.248342488297655 0.8002277331991481
59945 36150.0	-583.2221078171649 -1170.8806810870974 7021.059289990535 -4.028718414554655 6.261401240320431 0.7239378599526605
59945 36160.0	-623.2157092325649 -1108.608472327458 7027.872879407983 -4.022173649923968 6.273783454122704 0.6475712949122525
59945 36170.0	-663.1438537227928 -1046.2141932258237 7033.927609859546 -4.015194614706688 6.285487790531385 0.5711363085565853
59945 36180.0	-703.0022474357077 -983.704540550013 7039.222784900829 -4.0077820618729625 6.2965129837882525 0.4946411787475711
59945 36190.0	-742.7866033891689 -921.0862241894388 7043.757788980554 -3.999936791339965 6.306857841678651 0.41809418988736713
59945 36200.0	-782.4926419539497 -858.365966405006 7047.532087529216 -3.991659649879705 6.316521245668904 0.3415036319610101
59945 36210.0	-822.1160912631478 -795.5505011922328 7050.545227031118 -3.9829515310359938 6.325502151016746 0.26487779971885494
59945 36220.0	-861.6526877112601 -732.6465735004517 7052.796835097242 -3.973813375017877 6.333799586896063 0.1882249916846006
59945 36230.0	-901.098176362525 -669.660938593041 7054.2866205218015 -3.964246168607065 6.341412656492143 0.11155350933687469
59945 36240.0	-940.448311431278 -606.6003612910167 7055.014373335957 -3.9542509450442984 6.348340537105246 0.034871656149966235
59945 36250.0	-979.6988567030146 -543.471615308636 7054.979964850357 -3.9438287839244284 6.354582480234223 -0.04181226325192755
59945 36260.0	-1018.8455860097042 -480.281482499749 7054.183347690898 -3.9329808110728144 6.360137811662209 -0.11848994404760704
59945 36270.0	-1057.8842836494714 -417.03675219101024 7052.62455582578 -3.921708198431028 6.3650059315250775 -0.19515308206473314
59945 36280.0	-1096.8107448601936 -353.74422042574315 7050.303704583672 -3.9100121639226337 6.369186314380105 -0.2717933747327179
59945 36290.0	-1135.6207762410265 -290.410689289467 7047.220990664902 -3.897893971328428 6.372678509259542 -0.3484025219350362
59945 36300.0	-1174.3101962071537 -227.04296617926138 7043.376692143484 -3.8853549301470793 6.375482139720825 -0.4249722269281797
59945 36310.0	-1212.8748354434572 -163.6478630720162 7038.7711684595915 -3.8723963954501617 6.377596903887607 -0.501494197260318
59945 36320.0	-1251.310537323393 -100.23219584730577 7033.404860407531 -3.859019767743502 6.379022574480697 -0.5779601456224546
59945 36330.0	-1289.6131583774986 -36.80278352624873 7027.278290109649 -3.845226492806755 6.379758998843951 -0.6543617907995105
59945 36340.0	-1327.7785687069413 26.633552401649922 7020.392060988863 -3.8310180615464793 6.379806098959637 -0.7306908585136802
59945 36350.0	-1365.802652449602 90.06998874104647 7012.746857724795 -3.816396009825332 6.379163871457202 -0.8069390823739555
59945 36360.0	-1403.6813081915143 153.49970126518429 7004.3434462106525 -3.801361918306023 6.377832387613411 -0.8830982047179763
59945 36370.0	-1441.4104494303915 216.91586547962424 6995.1826734915685 -3.785917412270204 6.375811793343985 -0.959159977559676
59945 36380.0	-1478.986004984805 280.311657297706 6985.265467705802 -3.7700641614532575 6.373102309188562 -1.03511616342929
59945 36390.0	-1516.4039194549052 343.68025380508334 6974.592838005288 -3.753803879852998 6.369704230285196 -1.110958536318606
59945 36400.0	-1553.6601536291846 407.0148339359698 6963.165874481127 -3.7371383255554393 6.365617926340111 -1.1866788825187764
59945 36410.0	-1590.7506849422587 470.3085792382444 6950.985748066303 -3.7200693005333614 6.360843841585089 -1.2622690015628653
59945 36420.0	-1627.6715078789975 533.554674550172 6938.053710445485 -3.7025986504630746 6.355382494732057 -1.3377207070610035
59945 36430.0	-1664.418634429161 596.7463087657538 6924.371093939911 -3.6847282645129678 6.349234478913369 -1.4130258276398089
59945 36440.0	-1700.9880944888064 659.8766755117313 6909.939311401455 -3.6664600751514023 6.342400461621205 -1.4881762077746439
59945 36450.0	-1737.3759363115691 722.9389739128815 6894.759856079694 -3.6477960579252553 6.334881184630822 -1.5631637087254497
59945 36460.0	-1773.578226907121 785.9264092689446 6878.834301500252 -3.628738231259072 6.326677463924785 -1.637980209365661
59945 36470.0	-1809.5910524920787 848.8321938250842 6862.164301312563 -3.60928865622199 6.317790189598391 -1.7126176071206056
59945 36480.0	-1845.4105188759293 911.6495474320541 6844.751589156815 -3.589449436323261 6.308220325771094 -1.787067818773202
59945 36490.0	-1881.0327519083676 974.371698316058 6826.597978494428 -3.569222717269693 6.2979689104754115 -1.8613227813981372
59945 36500.0	-1916.4538978930873 1036.991883793134 6807.705362443507 -3.5486106867349294 6.287037055544367 -1.935374453228376
59945 36510.0	-1951.6701239844804 1099.503350955852 6788.075713615009 -3.5276155741335664 6.275425946496622 -2.0092148144872484
59945 36520.0	-1986.6776186258153 1161.8993574360866 6767.711083917537 -3.5062396503656297 6.263136842400248 -2.0828358683087482
59945 36530.0	-2021.472591936104 1224.1731720796997 6746.6136043807 -3.4844852275856235 6.250171075744315 -2.156229641551939
59945 36540.0	-2056.0512761441223 1286.318075707924 6724.785484942133 -3.462354658937497 6.236530052285819 -2.229388185715945
59945 36550.0	-2090.4099259716018 1348.3273617908112 6702.229014255184 -3.4398503383153054 6.222215250906334 -2.302303577749439
59945 36560.0	-2124.5448190628854 1410.1943372068786 6678.946559458249 -3.4169747000887734 6.20722822344215 -2.374967920959867
59945 36570.0	-2158.452256364288 1471.912322915045 6654.940565966803 -3.393730218855723 6.191570594526032 -2.4473733458176707
59945 36580.0	-2192.1285625491946 1533.4746547121981 6630.213557225068 -3.3701194091583906 6.175244061400631 -2.519512010859338
59945 36590.0	-2225.570086393424 1594.8746839033834 6604.768134482463 -3.34614482522763 6.158250393745467 -2.591376103486032
59945 36600.0	-2258.773201195601 1656.1057780570222 6578.606976527641 -3.321809060690108 6.140591433473682 -2.662957840860106
59945 36610.0	-2291.734305148358 1717.1613216730211 6551.732839449352 -3.297114748304471 6.122269094544275 -2.7342494706977685
59945 36620.0	-2324.449821753785 1778.0347169353004 6524.148556352981 -3.272064559659537 6.1032853627423105 -2.8052432721586467
59945 36630.0	-2356.916200190298 1838.7193843776026 6495.857037105852 -3.246661204902475 6.083642295476522 -2.875931556632159
59945 36640.0	-2389.129915723005 1899.2087636330423 6466.861268036273 -3.2209074324281324 6.063342021543045 -2.94630666861979
59945 36650.0	-2421.0874700660743 1959.4963140972457 6437.1643116634095 -3.1948060285994284 6.042386740908446 -3.016360986514763
59945 36660.0	-2452.785391787812 2019.575515674636 6406.769306378898 -3.1683598174278895 6.020778724457129 -3.086086923476636
59945 36670.0	-2484.22023667114 2079.439869443927 6375.679466158555 -3.141571660284004 5.998520313757898 -3.1554769282100743
59945 36680.0	-2515.3885880995217 2139.082898374665 6343.8980802404 -3.114444455580908 5.975613920804983 -3.224523485801114
59945 36690.0	-2546.2870574399108 2198.49814804171 6311.428512793424 -3.086981138453555 5.9520620277504035 -3.293219118549004
59945 36700.0	-2576.9122843959412 2257.679187285858 6278.27420260647 -3.0591846804577894 5.9278671866491734 -3.3615563867338594
59945 36710.0	-2607.2609373990563 2316.6196089505074 6244.4386627266485 -3.0310580892296555 5.903032019166254 -3.4295278894704273
59945 36720.0	-2637.329713953857 2375.3130305334553 6209.925480135607 -3.002604408179359 5.877559216309431 -3.4971262654618016
59945 36730.0	-2667.1153410233096 2433.7530949191623 6174.738315370869 -2.9738267161423173 5.851451538120353 -3.5643441938441813
59945 36740.0	-2696.614575371465 2491.9334710317426 6138.880902183772 -2.944728127063329 5.824711813390916 -3.6311743949382818
59945 36750.0	-2725.824203932293 2549.8478545421895 6102.357047156417 -2.9153117896497394 5.79734293934791 -3.697609631061383
59945 36760.0	-2754.7410441599072 2607.4899685426303 6065.170629328907 -2.8855808870357773 5.769347881343779 -3.7636427072994683
59945 36770.0	-2783.3619443910975 2664.8535642485203 6027.3255997993065 -2.8555386364276876 5.7407296725255055 -3.8292664723095005
59945 36780.0	-2811.683784177165 2721.932421643006 5988.825981351606 -2.825188288773882 5.711491413523212 -3.894473819053591
59945 36790.0	-2839.7034746503455 2778.720350194155 5949.675868026436 -2.794533128392105 5.681636272094242 -3.9592576856145802
59945 36800.0	-2867.4179588473685 2835.211189489502 5909.879424737293 -2.76357647263528 5.651167482800369 -4.023611055915241
59945 36810.0	-2894.8242120692576 2891.3988099475932 5869.44088682463 -2.7323216715110603 5.620088346636519 -4.087526960523395
59945 36820.0	-2921.9192421990556 2947.277113447557 5828.3645596573215 -2.700772107340968 5.588402230694416 -4.150998477361722
59945 36830.0	-2948.700090054878 3002.840034034687 5786.654818170247 -2.668931194372493 5.556112567776062 -4.2140187325021214
59945 36840.0	-2975.163829703886 3058.0815385494834 5744.31610644743 -2.6368023784288805 5.523222856041109 -4.276580900871165
59945 36850.0	-3001.3075687969376 3112.9956273029165 5701.352937261883 -2.6043891365280296 5.48973665861978 -4.338678207006149
59945 36860.0	-3027.1284488993483 3167.5763347480206 5657.769891606848 -2.57169497649761 5.455657603217844 -4.400303925804917
59945 36870.0	-3052.623645795692 3221.817730100632 5613.5716182572905 -2.538723436615324 5.420989381744239 -4.4614513832163345
59945 36880.0	-3077.790369825154 3275.7139180285744 5568.762833266923 -2.505478085203151 5.385735749887278 -4.52211395700612
59945 36890.0	-3102.6258661776014 3329.259039261581 5523.348319519005 -2.4719625202641797 5.3499005267320205 -4.582285077431326
59945 36900.0	-3127.1274152215865 3382.447271273419 5477.332926207388 -2.4381803690699884 5.31348759432189 -4.641958227994243
59945 36910.0	-3151.2923327938743 3435.272828885504 5430.721568373175 -2.4041352877914934 5.276500897263203 -4.701126946106052
59945 36920.0	-3175.117970519939 3487.7299649416223 5383.519226370004 -2.3698309610796775 5.238944442272374 -4.759784823828429
59945 36930.0	-3198.6017160968245 3539.8129709050445 5335.730945386635 -2.3352711016905503 5.200822297767734 -4.817925508526181
59945 36940.0	-3221.74099360594 3591.5161775255497 5287.3618348966575 -2.3004594500593676 5.162138593402558 -4.8755427035962215
59945 36950.0	-3244.5332637891242 3642.8339554296845 5238.417068167226 -2.2653997739199507 5.1228975196443525 -4.932630169108847
59945 36960.0	-3266.9760243536075 3693.7607157797893 5188.901881693334 -2.2300958678725795 5.083103327293877 -4.989181722523801
59945 36970.0	-3289.0668102411087 3744.290910857187 5138.821574692845 -2.194551552997772 5.0427603270521 -5.045191239319927
59945 36980.0	-3310.8031939247885 3794.419034712888 5088.18150852554 -2.1587706764180368 5.001872889025427 -5.100652653698004
59945 36990.0	-3332.182785671274 3844.1396237433382 5036.987106174673 -2.1227571109063756 4.9604454422805295 -5.155559959198459
59945 37000.0	-3353.203233831284 3893.447257336878 4985.2438516463835 -2.0865147544388516 4.918482474332269 -5.209907209395431
59945 37010.0	-3373.862225088892 3942.3365584288626 4932.957289451463 -2.050047529807423 4.875988530697554 -5.263688518488053
59945 37020.0	-3394.157484744096 3990.8021941394736 4880.133023990367 -2.013359384166931 4.832968214370301 -5.316898061981028
59945 37030.0	-3414.0867769724746 4038.838876363348 4826.776718975668 -1.976454288610852 4.789426185325982 -5.369530077310077
59945 37040.0	-3433.6479050725925 4086.4413623344262 4772.894096871509 -1.939336237760777 4.7453671600396 -5.421578864438388
59945 37050.0	-3452.8387117337584 4133.604455245132 4718.490938261064 -1.9020092493082517 4.700795910944409 -5.473038786510705
59945 37060.0	-3471.657079272168 4180.323004794242 4663.573081282097 -1.8644773636058252 4.6557172659457216 -5.523904270427433
59945 37070.0	-3490.1009298899903 4226.591907796361 4608.146420980194 -1.826744643203651 4.610136107866839 -5.574169807484135
59945 37080.0	-3508.1682259038153 4272.406108721224 4552.216908731633 -1.7888151724359433 4.564057373951629 -5.6238299539326135
59945 37090.0	-3525.8569699949608 4317.760600293205 4495.790551582585 -1.7506930569525316 4.5174860552978835 -5.672879331605568
59945 37100.0	-3543.165205430066 4362.650424021729 4438.873411659564 -1.7123824233009297 4.470427196348909 -5.721312628464355
59945 37110.0	-3560.0910163024605 4407.0706707905165 4381.471605494865 -1.673887418453045 4.4228858943145895 -5.769124599208537
59945 37120.0	-3576.632527744817 4451.01648137888 4323.591303424734 -1.6352122093830253 4.374867298652154 -5.81631006581011
59945 37130.0	-3592.787906161463 4494.483047040428 4265.238728901292 -1.596360982589308 4.326376610475172 -5.862863918107712
59945 37140.0	-3608.5553594329626 4537.46561001494 4206.420157878707 -1.5573379436684827 4.277419082023771 -5.908781114327052
59945 37150.0	-3623.9331371391886 4579.959464096234 4147.141918111888 -1.5181473168328712 4.228000016061859 -5.95405668165946
59945 37160.0	-3638.9195307557416 4621.959955134411 4087.410388530824 -1.4787933444805335 4.178124765336952 -5.998685716768379
59945 37170.0	-3653.5128738676976 4663.462481592588 4027.231998526312 -1.4392802867086372 4.127798731965889 -6.042663386352008
59945 37180.0	-3667.7115423577184 4704.462495039204 3966.6132273127873 -1.3996124208798384 4.077027366884563 -6.085984927635552
59945 37190.0	-3681.5139546103374 4744.955500693391 3905.5606032012683 -1.3597940411315628 4.025816169222315 -6.1286456489178
59945 37200.0	-3694.9185716916604 4784.93705790712 3844.0807029509187 -1.3198294579389422 3.974170685741836 -6.170640930048919
59945 37210.0	-3707.9238975440676 4824.402780698855 3782.1801510296063 -1.2797229976203144 3.9220965102025693 -6.2119662229606485
59945 37220.0	-3720.5284791574168 4863.348338225292 3719.86561895438 -1.2394790018968713 3.8695992827909564 -6.252617052129488
59945 37230.0	-3732.730906754034 4901.769455303067 3657.1438245399045 -1.199101827394559 3.8166846894731417 -6.292589015090294
59945 37240.0	-3744.529813952283 4939.661912873146 3594.021531222601 -1.1585958451970673 3.763358461411139 -6.331877782888033
59945 37250.0	-3755.923877936724 4977.021548493833 3530.5055473249276 -1.1179654403621089 3.709626374328484 -6.370479100557562
59945 37260.0	-3766.911819622996 5013.8442568270475 3466.602725313604 -1.0772150114360377 3.6554942478704406 -6.408388787594248
59945 37270.0	-3777.492403809195 5050.125990089595 3402.319961102397 -1.0363489699989403 3.600967945001827 -6.445602738386513
59945 37280.0	-3787.6644393325223 5085.862758531082 3337.664193294184 -0.9953717401728769 3.546053371353299 -6.482116922673992
59945 37290.0	-3797.426779215381 5121.050630886405 3272.6424024509975 -0.9542877581500498 3.4907564745911897 -6.517927385977536
59945 37300.0	-3806.7783208118913 5155.685734840676 3207.261610325003 -0.9131014716982137 3.4350832437540446 -6.5530302500399
59945 37310.0	-3815.718005940364 5189.764257454428 3141.528879146793 -0.8718173397042563 3.3790397086377997 -6.587421713224033
59945 37320.0	-3824.2448210234074 5223.282445628138 3075.4513108231786 -0.8304398316627121 3.3226319391038364 -6.621098050949329
59945 37330.0	-3832.357797210415 5256.236606512476 3009.0360462216013 -0.7889734272207365 3.265866044460732 -6.654055616070949
59945 37340.0	-3840.0560105074105 5288.623107959443 2942.2902643575258 -0.7474226156642347 3.208748172763185 -6.686290839298332
59945 37350.0	-3847.338581890355 5320.438378920716 2875.221181669547 -0.7057918954607585 3.1512845101857785 -6.717800229558739
59945 37360.0	-3854.204677424673 5351.678909885135 2807.836051196768 -0.6640857737434971 3.093481280313096 -6.748580374397844
59945 37370.0	-3860.6535083693534 5382.341253264847 2740.14216184499 -0.6223087658523929 3.0353447435058274 -6.778627940327285
59945 37380.0	-3866.68433128599 5412.422023818976 2672.1468375543286 -0.5804653948161183 2.9768811961823314 -6.80793967320719
59945 37390.0	-3872.296448133627 5441.917899027353 2603.857436556789 -0.5385601908916127 2.918096970177345 -6.836512398577603
59945 37400.0	-3877.489206367259 5470.825619500076 2535.281350534552 -0.49659769104433926 2.8589984320153734 -6.864343022022755
59945 37410.0	-3882.2619990236935 5499.141989341112 2466.4260038631924 -0.45458243848271906 2.799591982257053 -6.891428529488545
59945 37420.0	-3886.614264807483 5526.863876531293 2397.298852791075 -0.4125189821552411 2.7398840547906316 -6.917765987616767
59945 37430.0	-3890.545488171263 5553.988213303464 2327.9073846142487 -0.37041187624694727 2.679881116119412 -6.943352544069378
59945 37440.0	-3894.0551993874033 5580.511996486973 2258.259116907771 -0.3282656797120638 2.6195896646979873 -6.968185427821474
59945 37450.0	-3897.142974619977 5606.432287880935 2188.361596662248 -0.2860849557509859 2.5590162301865194 -6.992261949479261
59945 37460.0	-3899.8084359864447 5631.746214583041 2118.2223995136296 -0.24387427134566586 2.4981673727856903 -7.015579501553968
59945 37470.0	-3902.051251618864 5656.450969347956 2047.8491288716546 -0.20163819673565997 2.437049682483879 -7.038135558761068
59945 37480.0	-3903.8711357159527 5680.543810902833 1977.2494151425003 -0.15938130495280278 2.3756697783860057 -7.0599276782774485
59945 37490.0	-3905.26784859347 5704.022064290654 1906.4309148495245 -0.11710817129653228 2.314034307953932 -7.080953500021758
59945 37500.0	-3906.241196726671 5726.883121172225 1835.4013098490727 -0.07482337286806806 2.2521499463294585 -7.101210746894754
59945 37510.0	-3906.7910327898053 5749.124440154241 1764.168306443963 -0.032531488045264734 2.1900233955683195 -7.1206972250406135
59945 37520.0	-3906.9172556888566 5770.743547077627 1692.7396345927555 0.009762903983542515 2.127661383957606 -7.139410824070357
59945 37530.0	-3906.619810590126 5791.738035330127 1621.1230470163418 0.0520552237449301 2.065070665243668 -7.15734951730404
59945 37540.0	-3905.8986889431394 5812.105566122574 1549.3263183947952 0.09434089195036077 2.0022580179387663 -7.174511361978611
59945 37550.0	-3904.753928498607 5831.843868778709 1477.3572444925617 0.13661533000679205 1.939230244565202 -7.190894499464933
59945 37560.0	-3903.1856133211795 5850.950741006406 1405.2236413181777 0.1788739605050531 1.8759941709295949 -7.206497155466061
59945 37570.0	-3901.193873796373 5869.4240491715245 1332.9333442433203 0.22111220773024365 1.8125566453615218 -7.221317640214792
59945 37580.0	-3898.7788866336355 5887.261728547623 1260.4942071821079 0.26332549813504325 1.7489245380050047 -7.235354348648483
59945 37590.0	-3895.9408748631286 5904.461783573314 1187.9141017110987 0.3055092608460066 1.6851047400580081 -7.248605760587269
59945 37600.0	-3892.6801078266462 5921.022288101027 1115.200916186417 0.34765892816954946 1.621104163009325 -7.2610704409018805
59945 37610.0	-3888.9969011660023 5936.941385623462 1042.3625549218978 0.38976993606076493 1.5569297379291371 -7.272747039661111
59945 37620.0	-3884.891616802104 5952.217289514279 969.4069372696204 0.4318377246470757 1.492588414673687 -7.283634292286753
59945 37630.0	-3880.3646629136033 5966.848283238363 896.3419967998852 0.47385773869255243 1.428087161177484 -7.293731019682361
59945 37640.0	-3875.4164939049288 5980.832720576076 823.1756803770863 0.5158254281205608 1.3634329626537394 -7.303036128368577
59945 37650.0	-3870.04761037499 5994.169025818858 749.9159473355103 0.5577362484771238 1.2986328208829487 -7.311548610594487
59945 37660.0	-3864.2585590741087 6006.85569397693 676.5707685510101 0.5995856614523267 1.2336937534094532 -7.3192675444532735
59945 37670.0	-3858.049932862843 6018.891290960031 603.1481256130974 0.6413691353424564 1.1686227928267678 -7.326192093976095
59945 37680.0	-3851.4223706578023 6030.274453768427 529.6560098927866 0.683082145569968 1.1034269859705983 -7.33232150922802
59945 37690.0	-3844.3765573805445 6041.003890658714 456.10242171132586 0.724720175144238 1.0381133932011757 -7.337655126384417
59945 37700.0	-3836.913223892263 6051.078381318017 382.4953694046658 0.7662787151798542 0.9726890875930878 -7.342192367807106
59945 37710.0	-3829.033146932812 6060.496777014674 308.84286848924285 0.8077532653557558 0.9071611542149687 -7.345932742103212
59945 37720.0	-3820.737149044265 6069.258000755495 235.1529407234957 0.849139334431638 0.8415366893164724 -7.348875844181542
59945 37730.0	-3812.0260985000205 6077.361047421286 161.43361327107687 0.8904324407052933 0.775822799605618 -7.3510213552938435
59945 37740.0	-3802.900909217267 6084.80498390703 87.69291775988222 0.9316281125268824 0.7100266014332917 -7.352369043071384
59945 37750.0	-3793.362540676178 6091.588949242125 13.93888944310811 0.9727218887542777 0.6441552200685603 -7.352918761548615
59945 37760.0	-3783.411997821321 6097.712154713377 -59.82043374381192 1.0137093192649982 0.578215788881022 -7.352670451179918
59945 37770.0	-3773.050330970934 6103.173883969888 -133.57701202394583 1.0545859654093792 0.5122154486143722 -7.351624138845678
59945 37780.0	-3762.278635707293 6107.9734931287585 -207.32280472349385 1.0953474005199062 0.4461613465670209 -7.3497799378491955
59945 37790.0	-3751.0980527751135 6112.110410864834 -281.0497711203384 1.1359892103655498 0.38006063585846883 -7.347138047904874
59945 37800.0	-3739.5097679648466 6115.584138497679 -354.74987136407844 1.1765069936441117 0.3139204746316073 -7.343698755116307
59945 37810.0	-3727.515011995279 6118.3942500678 -428.4150673642548 1.2168963624552989 0.24774802528329198 -7.339462431945337
59945 37820.0	-3715.1150603911155 6120.54039240501 -502.0373236788205 1.257152942772364 0.18155045369456113 -7.334429537172209
59945 37830.0	-3702.311233349905 6122.022285189291 -575.6086084351291 1.2972723749299027 0.11533492843142712 -7.328600615844039
59945 37840.0	-3689.104895615822 6122.839721001563 -649.1208941801387 1.3372503140713698 0.04910862000911864 -7.321976299219045
59945 37850.0	-3675.497456331676 6122.992565368289 -722.5661588271382 1.3770824306476774 -0.017121299930717537 -7.314557304694116
59945 37860.0	-3661.490368903922 6122.480756796153 -795.9363864994616 1.4167644108581074 -0.08334765935030353 -7.306344435731733
59945 37870.0	-3647.085130843743 6121.304306799121 -869.2235684768493 1.4562919571453776 -0.14956328663876084 -7.297338581767781
59945 37880.0	-3632.2832836223643 6119.463299917348 -942.4197040386784 1.495660788633292 -0.21576101134235381 -7.287540718120962
59945 37890.0	-3617.0864125013404 6116.957893726537 -1015.5168014094133 1.5348666416180232 -0.2819336649873172 -7.276951905880864
59945 37900.0	-3601.4961463781583 6113.788318841087 -1088.5068786009965 1.5739052700023357 -0.34807408180980515 -7.26557329179991
59945 37910.0	-3585.514157605746 6109.954878905769 -1161.3819643569477 1.6127724457828758 -0.414175099578169 -7.25340610816175
59945 37920.0	-3569.1421618285044 6105.457950582986 -1234.1340989934856 1.6514639594807727 -0.48022956032226594 -7.240451672655768
59945 37930.0	-3552.381917791112 6100.297983526768 -1306.7553353417766 1.689975620624707 -0.5462303111547975 -7.226711388225871
59945 37940.0	-3535.2352271649615 6094.475500354138 -1379.2377395874341 1.7283032581777402 -0.6121702049997442 -7.212186742927599
59945 37950.0	-3517.7039343463575 6087.991096601389 -1451.5733922104787 1.7664427210159597 -0.6780421014124123 -7.196879309757372
59945 37960.0	-3499.7899262718765 6080.845440678906 -1523.7543888289924 1.8043898783545917 -0.7438388673123111 -7.180790746490846
59945 37970.0	-3481.4951322139464 6073.039273812943 -1595.772841104901 1.8421406202055297 -0.809553377772906 -7.163922795499879
59945 37980.0	-3462.821523570875 6064.57340997792 -1667.6208776480298 1.8796908578322704 -0.875178516810315 -7.146277283559099
59945 37990.0	-3443.7711136681355 6055.448735827547 -1739.2906448558824 1.9170365241697467 -0.9407071781137364 -7.12785612165856
59945 38000.0	-3424.3459575303887 6045.66621060669 -1810.774307845963 1.9541735742910726 -1.0061322658608414 -7.108661304784439
59945 38010.0	-3404.54815167499 6035.226866067136 -1882.064051285991 1.9910979858195261 -1.0714466954403101 -7.0886949117158675
59945 38020.0	-3384.3798338737 6024.131806361722 -1953.152080322408 2.0278057593902066 -1.1366433942647718 -7.067959104786373
59945 38030.0	-3363.843182936947 6012.382207944227 -2024.030621407017 2.0642929190573778 -1.201715302490968 -7.046456129663669
59945 38040.0	-3342.9404184653104 5999.979319445791 -2094.6919232211667 2.100555512750804 -1.2666553738298503 -7.024188315091935
59945 38050.0	-3321.673800624686 5986.924461558921 -2165.1282574983816 2.136589612678274 -1.3314565762640345 -7.001158072654679
59945 38060.0	-3300.045629887608 5973.219026896272 -2235.331919943793 2.172391315776424 -1.3961118928547362 -6.97736789649796
59945 38070.0	-3278.05824679747 5958.8644798574915 -2305.2952310584938 2.207956744111396 -1.4606143224618644 -6.952820363074226
59945 38080.0	-3255.7140317075628 5943.86235647546 -2375.0105370292385 2.243282045311498 -1.5249568805248392 -6.927518130855275
59945 38090.0	-3233.015404526728 5928.214264261128 -2444.4702105785855 2.278363392978261 -1.5891325998075856 -6.901463940048668
59945 38100.0	-3209.9648244484742 5911.921882032015 -2513.6666518488987 2.3131969871131774 -1.6531345311754602 -6.874660612291752
59945 38110.0	-3186.56478969743 5894.986959747617 -2582.592289216688 2.347779054507888 -1.7169557443084376 -6.8471110503622175
59945 38120.0	-3162.8178372410075 5877.41131831542 -2651.239580194924 2.382105849177264 -1.7805893284963492 -6.818818237844956
59945 38130.0	-3138.726542526939 5859.19684941024 -2719.601012241602 2.4161736527439572 -1.8440283933480548 -6.789785238825667
59945 38140.0	-3114.2935191958927 5840.345515270872 -2787.669103625649 2.4499787748503628 -1.9072660695544221 -6.76001519755205
59945 38150.0	-3089.5214187891643 5820.8593484874855 -2855.4364042890275 2.4835175535671334 -1.970295509648593 -6.729511338085221
59945 38160.0	-3064.4129304732905 5800.740451797687 -2922.895496646188 2.516786355769221 -2.0331098887088217 -6.6982769639689055
59945 38170.0	-3038.970780727941 5779.99099784902 -2990.0389964690357 2.5497815775529125 -2.09570240514158 -6.6663154578503345
59945 38180.0	-3013.1977330642394 5758.613228981041 -3056.8595536737025 2.582499644602947 -2.1580662813740927 -6.633630281135753
59945 38190.0	-2987.096587703347 5736.609456970589 -3123.3498531977752 2.6149370126028 -2.2201947646319944 -6.600224973593203
59945 38200.0	-2960.6701812864803 5713.982062798432 -3189.50261578003 2.6470901675957483 -2.2820811276269115 -6.5661031529920235
59945 38210.0	-2933.921386544328 5690.733496377446 -3255.3105988295188 2.6789556263882153 -2.34371866932835 -6.531268514687689
59945 38220.0	-2906.85311199895 5666.866276303891 -3320.7665971978677 2.7105299369046447 -2.405100715645995 -6.495724831245464
59945 38230.0	-2879.468301624195 5642.382989568587 -3385.86344403977 2.741809678583751 -2.466220620195495 -6.459475952007472
59945 38240.0	-2851.7699345395513 5617.286291293012 -3450.594011577435 2.7727914627269894 -2.5270717649751875 -6.422525802700686
59945 38250.0	-2823.761024661736 5591.578904423561 -3514.951211952051 2.8034719328875575 -2.587647561125447 -6.384878384986404
59945 38260.0	-2795.444620390682 5565.2636194525385 -3578.927997980049 2.8338477652123544 -2.647941449599567 -6.346537776052723
59945 38270.0	-2766.823804252472 5538.343294095666 -3642.517363995058 2.863915668823531 -2.707946901916291 -6.307508128146656
59945 38280.0	-2737.901692577557 5510.820852998129 -3705.71234659556 2.8936723861537623 -2.7676574208245732 -6.267793668151265
59945 38290.0	-2708.6814351351886 5482.699287395441 -3768.506025477026 2.923114693320233 -2.827066541049047 -6.227398697100577
59945 38300.0	-2679.166214804098 5453.98165480462 -3830.8915241705245 2.952239400453086 -2.886167829948299 -6.186327589741566
59945 38310.0	-2649.3592471985626 5424.671078668656 -3892.8620108645655 2.981043352061614 -2.9449548882529357 -6.144584794032126
59945 38320.0	-2619.263780331703 5394.770748032954 -3954.4106991343065 3.0095234273557727 -3.003421350717101 -6.102174830688098
59945 38330.0	-2588.8830942333507 5364.2839171734895 -4015.5308487527345 3.0376765406044566 -3.0615608868488726 -6.0591022926644476
59945 38340.0	-2558.220500600717 5333.213905253232 -4076.215766420688 3.0654996414547333 -3.119367201564815 -6.015371844679839
59945 38350.0	-2527.279342432522 5301.564095958804 -4136.458806519254 3.0929897152602495 -3.1768340358669196 -5.970988222715921
59945 38360.0	-2496.0629936321952 5269.337937101404 -4196.253371909051 3.1201437834295573 -3.2339551675655187 -5.9259562334695906
59945 38370.0	-2464.5748586613354 5236.538940265364 -4255.592914618537 3.146958903722325 -3.2907244118976964 -5.880280753874954
59945 38380.0	-2432.81837213541 5203.17068039364 -4314.470936631848 3.1734321705895723 -3.34713562224192 -5.8339667305399
59945 38390.0	-2400.796998462349 5169.236795414027 -4372.880990582369 3.1995607154697647 -3.403182690743892 -5.787019179242295
59945 38400.0	-2368.514231433414 5134.740985811688 -4430.816680523115 3.2253417071181447 -3.4588595490172835 -5.739443184354417
59945 38410.0	-2335.973593855121 5099.687014241392 -4488.271662609279 3.2507723518952587 -3.5141601687616295 -5.69124389832512
59945 38420.0	-2303.1786371328008 5064.078705084618 -4545.239645856128 3.2758498940876852 -3.5690785624539436 -5.642426541088588
59945 38430.0	-2270.132940896103 5027.919944047993 -4601.714392810143 3.3005716161888867 -3.6236087839583186 -5.592996399532707
59945 38440.0	-2236.8401125754203 4991.214677705152 -4657.689720294044 3.3249348392112132 -3.6777449292081528 -5.542958826892371
59945 38450.0	-2203.303787021113 4953.966913081581 -4713.159500066223 3.3489369229589423 -3.731481136807249 -5.492319242204286
59945 38460.0	-2169.5276260730398 4916.1807171814735 -4768.117659552486 3.3725752663314017 -3.7848115887022993 -5.441083129685112
59945 38470.0	-2135.5153181736728 4877.860216559187 -4822.5581824934625 3.3958473075880935 -3.8377305107752444 -5.389256038172917
59945 38480.0	-2101.2705779309777 4839.009596831286 -4876.4751096626915 3.418750524642823 -3.8902321735057157 -5.336843580490435
59945 38490.0	-2066.7971457256035 4799.633102234842 -4929.862539501654 3.441282435320778 -3.942310892554386 -5.2838514328734245
59945 38500.0	-2032.0987872673134 4759.735035124927 -4982.714628823847 3.4634405976435225 -3.9939610294150887 -5.230285334319311
59945 38510.0	-1997.1792931964467 4719.319755519943 -5035.02559343713 3.485222610077928 -4.045176991988922 -5.176151086002688
59945 38520.0	-1962.0424786340918 4678.391680584789 -5086.789708833474 3.506626111811932 -4.095953235225798 -5.121454550609594
59945 38530.0	-1926.6921827749738 4636.95528415984 -5138.001310802707 3.527648782997024 -4.146284261693356 -5.0662016517356
59945 38540.0	-1891.1322684470779 4595.0150962482785 -5188.654796085289 3.548288345005509 -4.196164622185774 -5.010398373230311
59945 38550.0	-1855.366621668197 4552.575702496046 -5238.7446230171745 3.5685425606827823 -4.245588916326628 -4.954050758534471
59945 38560.0	-1819.3991512309183 4509.6417437022255 -5288.265312123558 3.5884092345772562 -4.294551793123202 -4.897164910059694
59945 38570.0	-1783.233788238195 4466.217915267589 -5337.21144677122 3.6078862131925 -4.343047951580317 -4.839746988488222
59945 38580.0	-1746.8744856864168 4422.308966696387 -5385.577673743956 3.626971385206797 -4.391072141240041 -4.781803212145469
59945 38590.0	-1710.325217995463 4377.919701031495 -5433.358703879448 3.6456626817156086 -4.438619162784066 -4.723339856286442
59945 38600.0	-1673.589980583787 4333.054974340396 -5480.549312634677 3.6639580764441027 -4.485683868567094 -4.664363252451472
59945 38610.0	-1636.6727894061537 4287.719695152926 -5527.1443406904955 3.6818555859735307 -4.532261163190973 -4.604879787760305
59945 38620.0	-1599.577680508051 4241.918823916057 -5573.138694523369 3.699353269953037 -4.578346004048142 -4.544895904230683
59945 38630.0	-1562.3087095583935 4195.6573724187365 -5618.5273469936865 3.716449231316101 -4.623933401883628 -4.484418098059664
59945 38640.0	-1524.8699514156747 4148.940403254899 -5663.305337882277 3.733141616475622 -4.66901842130709 -4.423452918956881
59945 38650.0	-1487.2654996430765 4101.773029220167 -5707.467774478824 3.7494286155368184 -4.713596181359041 -4.362006969392943
59945 38660.0	-1449.4994660736934 4054.1604127676783 -5751.009832099325 3.765308462481817 -4.757661856007698 -4.300086903927015
59945 38670.0	-1411.5759803211154 4006.107765392538 -5793.92675465778 3.780779435372505 -4.801210674702674 -4.237699428443175
59945 38680.0	-1373.4991893407177 3957.620347076829 -5836.213855168516 3.7958398565261726 -4.8442379228606 -4.174851299467448
59945 38690.0	-1335.2732569360123 3908.7034656621495 -5877.86651630083 3.810488092708238 -4.886738942405972 -4.111549323392478
59945 38700.0	-1296.9023633128468 3859.3624762797554 -5918.880190869491 3.8247225553000765 -4.928709132249017 -4.047800355778732
59945 38710.0	-1258.390704598552 3809.6027807331457 -5959.250402354319 3.838541700475414 -4.9701439487952594 -3.983611300595754
59945 38720.0	-1219.7424923590277 3759.4298268745824 -5998.97274541048 3.8519440293712193 -5.0110389064480865 -3.9189891094574483
59945 38730.0	-1180.9619531478565 3708.8491080200793 -6038.042886335512 3.8649280882419146 -5.051389578069085 -3.853940780908636
59945 38740.0	-1142.0533280030713 3657.8661622934906 -6076.456563580311 3.877492468626445 -5.091191595485908 -3.7884733596218823
59945 38750.0	-1103.020871996426 3606.4865720359426 -6114.2095881965215 3.8896358074919686 -5.130440649936968 -3.722593935680053
59945 38760.0	-1063.8688537268013 3554.7159631391646 -6151.297844329563 3.901356787390515 -5.169132492565682 -3.656309643762704
59945 38770.0	-1024.6015548665714 3502.5600044454186 -6187.717289649828 3.912654136593417 -5.207262934852992 -3.589627662419466
59945 38780.0	-985.2232696518449 3450.0244070703457 -6223.463955827581 3.9235266292375024 -5.244827849097858 -3.5225552132462394
59945 38790.0	-945.7383044261678 3397.1149237937047 -6258.533948947735 3.933973085450217 -5.281823168837392 -3.4550995601497467
59945 38800.0	-906.1509771278735 3343.8373483721552 -6292.923449966346 3.9439923714852356 -5.318244889313357 -3.3872680085139737
59945 38810.0	-866.4656168313038 3290.1975149210366 -6326.628715108836 3.95358339983823 -5.354089067879823 -3.3190679044561113
59945 38820.0	-826.6865632315553 3236.201297217419 -6359.646076307869 3.9627451293718945 -5.389351824455407 -3.250506633983597
59945 38830.0	-786.8181661834908 3181.854608073324 -6391.971941584758 3.9714765654222877 -5.424029341918224 -3.181591622241865
59945 38840.0	-746.8647851840944 3127.163398629368 -6423.602795468554 3.979776759913171 -5.458117866543752 -3.1123303326623306
59945 38850.0	-706.8307889094816 3072.1336577197053 -6454.535199360515 3.987644811452907 -5.4916137083869145 -3.0427302662022013
59945 38860.0	-666.7205546951584 3016.771411156614 -6484.765791934175 3.9950798654381092 -5.524513241705327 -2.9727989604837814
59945 38870.0	-626.5384680642474 2961.082721077782 -6514.29128948776 4.002081114142186 -5.5568129053339455 -2.902543989014443
59945 38880.0	-586.2889222375074 2905.0736852660793 -6543.108486302098 4.00864779680288 -5.588509203068318 -2.8319729603729416
59945 38890.0	-545.9763176073122 2848.750436416062 -6571.214255014026 4.014779199710172 -5.619598704068053 -2.7610935173298876
59945 38900.0	-505.60506128128577 2792.1191414944446 -6598.605546929957 4.020474656277434 -5.650078043197542 -2.689913336087864
59945 38910.0	-465.1795665548582 2735.1860009986804 -6625.279392380364 4.025733547118845 -5.679943921414826 -2.618440125394365
59945 38920.0	-424.7042524431847 2677.957248295749 -6651.232901023516 4.030555300112711 -5.709193106107341 -2.546681625756773
59945 38930.0	-384.1835431560012 2620.43914887778 -6676.463262177768 4.034939390467432 -5.737822431462713 -2.474645608554023
59945 38940.0	-343.6218676286055 2562.6379996940714 -6700.9677451076805 4.038885340775224 -5.7658287987909524 -2.402339875245185
59945 38950.0	-303.0236589957849 2504.560128399362 -6724.743699336539 4.042392721067185 -5.793209176879861 -2.3297722564741825
59945 38960.0	-262.393354122092 2446.2118926794183 -6747.788554914702 4.045461148857365 -5.8199606023035155 -2.2569506112723325
59945 38970.0	-221.73539307506962 2387.5996794922708 -6770.099822712277 4.048090289186944 -5.846080179762177 -2.1838828261564305
59945 38980.0	-181.05421865505286 2328.7299043876965 -6791.6750946695865 4.050279854658638 -5.871565082376934 -2.110576814325571
59945 38990.0	-140.35427586800893 2269.6090107418822 -6812.512044069826 4.052029605469976 -5.896412552013889 -2.0370405147530954
59945 39000.0	-99.640011455077 2210.243469071146 -6832.6084257715565 4.053339349437979 -5.920619899564889 -1.9632818913780246
59945 39010.0	-58.915873365229345 2150.639776260319 -6851.962076461285 4.054208942021541 -5.944184505255898 -1.8893089321911662
59945 39020.0	-18.186310284857655 2090.804454871141 -6870.5709148678325 4.0546382863364325 -5.967103818913593 -1.8151296484215984
59945 39030.0	22.544228889495344 2030.744052364756 -6888.432941994746 4.054627333166687 -5.9893753602578235 -1.7407520736173532
59945 39040.0	63.27129552132874 1970.465140405044 -6905.546241316508 4.054176080969961 -6.010996719154001 -1.6661842628272021
59945 39050.0	103.99044176109578 1909.9743140756573 -6921.908978990641 4.053284575877942 -6.031965555889496 -1.5914342916763329
59945 39060.0	144.69722101590582 1849.2781911787004 -6937.5194040357 4.051952911692004 -6.052279601411693 -1.516510255543885
59945 39070.0	185.3871884758271 1788.3834114466754 -6952.375848522984 4.050181229872678 -6.071936657588205 -1.441420268634007
59945 39080.0	226.05590158291034 1727.296635836809 -6966.476727736263 4.047969719525627 -6.090934597430501 -1.3661724631493932
59945 39090.0	266.69892055661535 1666.024545738314 -6979.820540343055 4.045318617380169 -6.109271365337831 -1.2907749883581543
59945 39100.0	307.3118088654428 1604.5738422573932 -6992.405868537049 4.0422282077652225 -6.1269449773078595 -1.2152360097571941
59945 39110.0	347.8901337335035 1542.9512454470755 -7004.231378183589 4.038698822578402 -6.143953521156587 -1.1395637081682661
59945 39120.0	388.4294666464557 1481.163493534808 -7015.295818954232 4.034730841249288 -6.160295156729415 -1.063766278832059
59945 39130.0	428.9253838212569 1419.2173422023047 -7025.598024441689 4.030324690700882 -6.175968116089991 -0.9878519305670195
59945 39140.0	469.37346673190996 1357.1195637772598 -7035.136912280657 4.0254808453004465 -6.1909707037242026 -0.9118288848206486
59945 39150.0	509.76930255999355 1294.8769465372134 -7043.911484239852 4.020199826813286 -6.205301296707406 -0.8357053748588563
59945 39160.0	550.1084847363486 1232.4962938708013 -7051.9208263264645 4.014482204340579 -6.218958344898394 -0.7594896447812101
59945 39170.0	590.386613389883 1169.98442357888 -7059.164108859622 4.008328594263437 -6.231940371091715 -0.6831899487079354
59945 39180.0	630.5992958695376 1107.34816706005 -7065.640586550109 4.001739660172016 -6.244245971188376 -0.6068145498260753
59945 39190.0	670.7421472053009 1044.5943685877096 -7071.349598558805 3.994716112798291 -6.255873814338614 -0.5303717195479365
59945 39200.0	710.8107906244011 981.729884498458 -7076.290568554923 3.987258709934765 -6.2668226430944305 -0.453869736561868
59945 39210.0	750.8008580101093 918.7615824671998 -7080.463004756002 3.979368256357639 -6.277091273537452 -0.37731688598917845
59945 39220.0	790.7079904154334 855.6963406934387 -7083.866499965576 3.9710456037347353 -6.286678595414601 -0.3007214584333533
59945 39230.0	830.5278385195443 792.5410471747014 -7086.500731594721 3.9622916505390986 -6.295583572250962 -0.22409174913569352
59945 39240.0	870.2560631387089 729.302598891145 -7088.365461679174 3.9531073419461706 -6.30380524146854 -0.14743605702341434
59945 39250.0	909.8883356800807 665.9879010777345 -7089.460536882461 3.9434936697378893 -6.311342714484066 -0.07076268386444928
59945 39260.0	949.4203386496524 602.6038664075108 -7089.785888492481 3.9334516721891317 -6.318195176810812 0.005920066685197067
59945 39270.0	988.8477661066718 539.1574142572827 -7089.341532406192 3.9229824339613972 -6.324361888141821 0.08260388993388945
59945 39280.0	1028.1663241511487 475.6554699177236 -7088.127569106066 3.912087085983265 -6.329842182432152 0.1592804810738011
59945 39290.0	1067.3717314095932 412.10496380305585 -7086.144183625593 3.9007668053252598 -6.33463546797196 0.2359415361004511
59945 39300.0	1106.459719484755 348.5128307161199 -7083.391645506667 3.889022815079393 -6.338741227447201 0.3125787526650967
59945 39310.0	1145.4260334550859 284.88600903003544 -7079.870308745001 3.8768563842191233 -6.34215901799881 0.3891838310274869
59945 39320.0	1184.266432317649 221.2314399587808 -7075.5806117292095 3.8642688274704478 -6.344888471267602 0.4657484749011327
59945 39330.0	1222.9766894837567 157.55606673894226 -7070.523077165861 3.8512615051613412 -6.346929293436344 0.5422643924053423
59945 39340.0	1261.5525932183155 93.86683390061398 -7064.698312000404 3.837835823083524 -6.348281265259503 0.6187232969097187
59945 39350.0	1299.98994713141 30.170686449596815 -7058.107007321947 3.823993232331427 -6.348944242088216 0.695116907985077
59945 39360.0	1338.2845706138503 -33.52543086097057 -7050.749938266091 3.809735229154783 -6.348918153884808 0.7714369522467397
59945 39370.0	1376.4322993245012 -97.21457434759213 -7042.627963899514 3.795063354787175 -6.348203005230668 0.8476751643039719
59945 39380.0	1414.42898562184 -160.88980212374645 -7033.742027104821 3.7799791952894433 -6.346798875325565 0.9238232876017496
59945 39390.0	1452.2704990467907 -224.5441749156298 -7024.093154445032 3.7644843813679305 -6.3447059179783984 0.999873075368249
59945 39400.0	1489.952726753378 -288.1707567936478 -7013.682456029575 3.7485805882073544 -6.341924361591056 1.0758162914613618
59945 39410.0	1527.471573973675 -351.76261596427594 -7002.511125362524 3.732269535284458 -6.33845450913306 1.151644711287274
59945 39420.0	1564.8229644605553 -415.3128255276265 -6990.58043918626 3.7155529861848913 -6.334296738109052 1.22735012267793
59945 39430.0	1602.0028409476997 -478.814464267336 -6977.891757309716 3.698432748406624 -6.329451500516221 1.302924326806877
59945 39440.0	1639.0071655744969 -542.2606173837185 -6964.446522437758 3.6809106731733108 -6.323919322797335 1.3783591390374412
59945 39450.0	1675.831920337985 -605.6443772758375 -6950.24625998213 3.662988655229859 -6.317700805782743 1.4536463898290912
59945 39460.0	1712.473107541923 -668.9588443220987 -6935.292577861947 3.6446686326327136 -6.310796624623195 1.5287779256418292
59945 39470.0	1748.92675021125 -732.1971276041459 -6919.587166307814 3.625952586551301 -6.303207528720519 1.603745609773224
59945 39480.0	1785.1888925519802 -795.3523457122647 -6903.131797637388 3.606842541041004 -6.294934341641445 1.678541323292087
59945 39490.0	1821.2556003573645 -858.4176274608108 -6885.928326043229 3.5873405628373236 -6.285977961033552 1.753156965865383
59945 39500.0	1857.1229614621402 -921.3861126903071 -6867.978687348984 3.5674487611190218 -6.276339358522062 1.8275844566877804
59945 39510.0	1892.787086143448 -984.2509529795516 -6849.284898780041 3.5471692872936607 -6.2660195796107185 1.9018157353046194
59945 39520.0	1928.2441075691904 -1047.0053124440115 -6829.849058700511 3.5265043347509706 -6.255019743561638 1.9758427625368644
59945 39530.0	1963.4901821935796 -1109.6423684443712 -6809.673346366813 3.505456138639821 -6.243341043281136 2.0496575212999057
59945 39540.0	1998.5214901994195 -1172.1553123808353 -6788.760021645632 3.484026975612007 -6.230984745182673 2.123252017523495
59945 39550.0	2033.3342358880668 -1234.5373503977244 -6767.11142475062 3.4622191635907393 -6.217952189057671 2.1966182809659327
59945 39560.0	2067.924648115464 -1296.7817041733824 -6744.729975941485 3.440035061504889 -6.204244787921649 2.2697483661286735
59945 39570.0	2102.288980676348 -1358.8816116205107 -6721.618175243975 3.4174770690491236 -6.189864027870083 2.3426343530655496
59945 39580.0	2136.4235127338443 -1420.8303276712663 -6697.778602130302 3.39454762640878 -6.174811467907743 2.415268348291593
59945 39590.0	2170.324549197752 -1482.6211249730281 -6673.21391522259 3.3712492140117094 -6.1590887397897145 2.487642485586979
